   773.150024414062500000000000000000000         773.150024414062500000000000000000000         773.150024414062500000000000000000000      

   773.150024414062500000000000000000000         773.150024414062500000000000000000000         736.756577485480919865324673631837422      

   773.150024414062500000000000000000000         773.150024414062500000000000000000000         720.349695737541771998561399291922345      

   773.150024414062500000000000000000000         773.150024414062500000000000000000000         712.953150716150742292410505280031248      

   773.150024414062500000000000000000000         773.150024414062500000000000000000000         705.516922290752108435249018199902692      

   773.150024414062500000000000000000000         773.150024414062500000000000000000000         700.315387987876671467768029964430918      

   773.150024414062500000000000000000000         773.150024414062500000000000000000000         695.085946792444850349105246303890383      

   773.150024414062500000000000000000000         772.581376805803412810395698025497403         690.965744196949790334437894770078536      

   773.150024414062500000000000000000000         772.325019278491863624977521863936354         686.823436190926253551763944871430162      

   773.150024414062500000000000000000000         771.356476850143998001412461183246648         683.369713686361413610060776841947016      

   773.078943463030114101299462253187200         770.855749490029820569267048705277908         679.897461521653570076205939627347467      

   773.011358296599977503771921359585669         769.641526153671329975454987103722017         676.904146940047970488814226816305710      

   772.820957434325233052712249454292241         768.952926203934188039055486482951005         673.894772845315609951434570428372204      

   772.638258618837568586738033713450306         767.594247912029419774188428909085959         671.242428069047714080538844695437757      

   772.308379008715319878685524801888341         766.765829832725803882228590415396026         668.575853125989823768487507431619445      

   771.989814909977563606004683886251632         765.324578863368484541110689057479145         666.188180592497304265634297795355695      

   771.518595620995423140776403743524382         764.390710168481726212573326505851471         663.787697892432361996310163024581177      

   771.061386618487803873833427016576517         762.903962603246966644583166006254604         661.612568547567875002543499547402210      

   770.456836613915478624193166026453901         761.888671387690026124451709614501789         659.425769357348371204853253040975272      

   769.868125934637429132987911866806021         760.378605276987374282950382582383925         657.425639411950344942705139154861410      

   769.142803272371349224934256320339697         759.299074587494578770313746553806834         655.414791499045821869134108008606272      

   768.434443950226207616493402042078870         757.779052054923659545529291316984606         653.561408130327565517619804312547876      

   767.602433529092521564459138020656521         756.648032597964458117181942897012705         651.698138944399382902294948162386064      

   766.787972654049768283648706310551112         755.126205389803415716969373647224251         649.969456051351196946281266219914835      

   765.863279104658326415183408324967009         753.953526265528228546585880468241427         648.231648767281880296691889393989064      

   764.956325762963039418506407927303571         752.434949011426968149714507354727168         646.609961132627960894688101345648459      

   763.952081525779888846009991543219433         751.228442680962042960365182397704110         644.979871466508834605327227220175004      

   762.965484539480201898683508753170718         749.716309420500448180618074825922971         643.450645904890375690870589000819233      

   761.893610938688036463747762576623074         748.482382711486085049743777030272236         641.913719536325234546185558630191668      

   760.839092883481888445510034521707542         746.978752796501811513903797512211101         640.464834599108711279190733047837977      

   759.710205021212493239870719308259315         745.722748446232876651936928451758833         639.008937111972549852093762786722881      

   758.598245423946946915939878721689574         744.228975591016213414231853554579497         637.630167641951743994008251238470587      

   757.421682711707210461454519388787365         742.955409737551591727075637367993123         636.245062799428041940414344158173816      

   756.261531995954626615205475198175922         741.472398217600841004276391775517354         634.927714973591365225322606902191443      

   755.045448624714576850616494147592933         740.185123423110387665311248771371223         633.604696160016047837043599601891810      

   753.845206188565149391113624420285098         738.713483227735785945995207067274919         632.341337917504236090081932416207428      

   752.596685684345639919498923856106620         737.415805735139072994143627457775646         631.072956838397147177313448892822142      

   751.363405286254871007143118466168108         735.955948281085101314156792440325658         629.857211036891259707447691014227485      

   750.088580115196585032681218992011191         734.650716209549220634246084466820122         628.637070356353546304644374120875195      

   748.828382707074907154242756679298228         733.202914776614864009142438195161944         627.463450929406596502874904264977213      

   747.532549285489524881838697082424378         731.892587099898329067363618279932830         626.286040625732837244671109152249615      

   746.250733008076295468236335065212444         730.457016068698471255446295111980506         625.149819521164596547961019022828598      

   744.938457655475404781899976263301302         729.143718289985529671821698954000071         624.010384402553154647931574402629474      

   743.639600058576950648258770813945491         727.720479430431737282405364091971666         622.907481487723554644754221851686048      

   742.314814239603949688480618544469404         726.406049603598979528579960008437984         621.801911834912338586021550439274400      

   741.002864728404215779609910015544781         724.995190282581083802984895294843476         620.728802578155618291933633220814379      

   739.668949405485931063313588439760365         723.681217713309561956980966906539312         619.653542589885844386677404219967333      

   738.347311487444452151474166910648584         722.282743925095058430309519467261642         618.607179921257427921251480865062276      

   737.007171140737300110315750835116836         720.970602108069771742318346739395598         617.559150290455905211897304582797228      

   735.678774852568829992603381181230054         719.584488083759775542266284694338731         616.536898039397365323586737606120323      

   734.334902051359390836313985077750102         718.275362963487429647812216624784374         615.513430020093360370728171325216949      

   733.002267322880669368459007617524972         716.901558442050560393187244287392752         614.513005969201320299417250923723712      

   731.656798841018898296094359286776171         715.596472793802512450658636444898619         613.511784959113567896625640038053065      

   730.322090695965788683713962395529880         714.234908638036026415696368414642557         612.531211983749839364611381338844639      

   728.976856158388579867995190424886424         712.934743177900809060754011334266267         611.550229091745252855704279301682641      

   727.641932671275136045175111054973458         711.585335779387349124513039993558208         610.587793156820259607830248550894333      

   726.298496657590637673082951492319100         710.290847486181411013846440898160968         609.625303533520211951344607724628853      

   724.964950541871915508223883887318685         708.953502257564620232002850614749963         608.679517539306967017114916318030870      

   723.624648988245303225570658807141986         707.665340300254824496070551699053580         607.734004473219082932967973770375019      

   722.293843618632456034492707522960582         706.339954462506850964793819349853525         606.803577109792287983471050639853792      

   720.957815267900467720504054005980169         705.058674060920358200554684159062559         605.873721060308534796685608972287904      

   719.630915857267652036310867375959275         703.745138875389962074476795085978330         604.957529962143452323015651303572819      

   718.300129418068359244695099669331389         702.471213371198601306039050368541232         604.042181832562776157703374922324979      

   716.978129986795491950509312291780643         701.169415928090519282451891840577557         603.139250431418923294150159096179296      

   715.653407579697214352372946944308423         699.903247302527394026130459765516369         602.237408490903785559239044100681437      

   714.337154277387633409109123455445763         698.613071951438975359640911514198421         601.346886052979927943212557085078453      

   713.019191671204302297233857643476695         697.354999992991673373040123616123782         600.457676003047918623799953093250274      

   711.709402939649740312391179652112222         696.076329482712248657899450359848320         599.578820409880031084210828497039894      

   710.398787014683439048628992155138553         694.826639780285999248511169605828868         598.701478163245275901345697758272322      

   709.096071017390011064985869150206335         693.559356161555208328929838288328301         597.833641057911510896521840471548931      

   707.793294833919538599995964491139444         692.318287075094671688398000505149046         596.967497858337778264175970355741565      

   706.498164521355094857476189002009191         691.062272409786244528146351917257851         596.110111831369851390656828626884962      

   705.203640320657966386729072888839465         689.830021150250839809096654604418954         595.254581394880804553257798664543989      

   703.916526451153422258152885447175590         688.585158062489686392357494492689201         594.407148929453664743731851899643793      

   702.630596871959588031274749532413634         687.361885995792256382979718567465604         593.561716331389500930987000864909311      

   701.351859265255614322509765204241999         686.128058094186223583943113706259991         592.723800266105075958402124765559997      

   700.074807020024634193667833499016969         684.913895368774306851742395892872636         591.888012336361441395441017609798381      

   698.804744283119207802051920481010968         683.690987563830214934098372711477479         591.059227637242760842092774766398039      

   697.536800505188247155539045552766205         682.486037148657316458961178117294662         590.232684658558694453549525096691033      

   696.275658437747436561054803316120582         681.273935885271554392957425063538616         589.412691320532538517666931812888017      

   695.017009881556717749802730963251756         680.078277093684829174888599049560722         588.595039852704145486592535125779943      

   693.764988740085710818356533710252177         678.876870515153608683140968599786949         587.783536775542328783623521482513652      

   692.515783991761729013067460055179233         677.690562080476253159218959588762314         586.974463452584178168059424795740104      

   691.273044767439733843847730393504326         676.499740137615120473069443830616300         586.171183157558264074687565809901335      

   690.033399601484218661555649585533577         675.322822897726305173157261058379330         585.370409325664596397792517954933353      

   688.800069445551291770970627431216886         674.142477414313738614655302963831049         584.575113397523566443100070155452779      

   687.570071444789678544915852688014302         672.974976655155824428020910804231821         583.782390479660907011028459681086835      

   686.346248357200745971893441493721288         671.805001358937091916518969266579524         582.994865634373373526299073611670734      

   685.125960897090518113865231532444541         670.646928860463195645129735321528203         582.209971122860680925631683581458118      

   683.911717778441400278267468777610055         669.487219387300808356187188695705434         581.430025815221517729890501623160203      

   682.701183462983002439144541126634639         668.338575209789784706937114817033549         580.652759807061997465291613583533912      

   681.496571616133786050114067925757830         667.189029087171338623413583288150221         579.880221304047403369449328056133812      

   680.295815240665820254369269515958181         666.049803130973246038673765978188660         579.110403505358057819695205429651714      

   679.100867396750650935715740432157845         664.910319745941418489027315395526222         578.345115361280828219677218161639819      

   677.909898502587929666704944394357013         663.780493113480392711953352345879666         577.582582497171542864019437838970344      

   676.724631435957718524248404471036238         662.650973669096232156092154363810048         576.824402375461707608180540147335665      

   675.543446512921670039640621303117710         661.530519854267736192383382723327056         576.069005950360407015771761430804203      

   674.367863300801252162600563881017306         660.410867317926163737189848657659452         575.317803744366738229760923186729281      

   673.196447686003775305101061328664160         659.299753244810901301196028462045636         574.569408105256453665848103995730588      

   672.030539661070772002943657782366963         658.189872291070552971507933619595491         573.825064316996647766752324179381061      

   670.868869175677887600846020152595854         657.088059221086307245629747323802675         573.083544978484334359883508219330966      

   669.712617613225220551406709859154068         655.987856171132645510830695830112196         572.345949319908245269677127967027395      

   668.560659973201526697196899485528503         654.895300495304372734273433462162219         571.611191515622080178994016183227161      

   667.414037548889426079899770568742126         653.804683254716990828258964913726634         570.880241701816008507446665864409844      

   666.271753580783904508476333273505117         652.721337185618081390753352708554381         570.152139131447031157562761212673274      

   665.134725630099521048822618668202885         651.640215181744812028651795540646062         569.427739839403699898397140514677784      

   664.002070318670158372194375263976979         650.566027357808017531480459630023814         568.706193584872086622727191041972391      

   662.874595924989111820793124395471028         649.494311477746769556224792626247968         567.988255555071977748096247538834853      

   661.751519315785296468972396938779487         648.429227491026637777803956289888971         567.273173142896999955389675931578020      

   660.633552250279436539793521212881087         647.366830020969804431695595092272959         566.561612404071079811543980885605405      

   659.520000227127073721311917604677404         646.310792878028898068087635222254118         565.852906994133779829272193720869905      

   658.411489760608422794156664327667968         645.257627444525428982255413348358924         565.147644194273386277630180783283833      

   657.307404715204044244222050201096744         644.210577968887440313801056701603225         564.445233877848654973006542453760431      

   656.208296319268961562536321966579372         643.166559482416434078382191523288503         563.746193706854209729560345969237253      

   655.113617727726128676891529711424440         642.128436665957317820647381170598165         563.050000899111662685034181644544859      

   654.023853680207969628411301651565253         641.093481267077703500509999650833711         562.357111590478612485081374825234854      

   652.938518599360483217132149376083426         640.064222576790913954969077653585352         561.667062504659027549282772294519020      

   651.858038507063125065741206946221030         639.038247585028929506826353160282917         560.980255405330764786768032479557142      

   650.781982001570520875449015411060810         638.017789230785162204259465830798020         560.296279597539709898998878392716696      

   649.710723251495626812824727213328710         637.000713096340275689384694846715579         559.615488796550938960732418993604870      

   648.643878761278799399272514588952521         635.988990264550450507674458323485249         558.937518771610605990972498996991898      

   647.581776910039043272149927203607705         634.980732522837227931587071765977487         558.262680779433292991530926720390631      

   646.524076566264502445281216850453435         633.977679580306462734309525861300983         557.590651649529448588053196114877731      

   645.471065676060729247265814993847173         632.978160809301420638274848202143434         556.921705121145241315505554258139841      

   644.422440572762388928703158992446613         631.983711481019807212827240337684827         556.255554310126248742439808399281887      

   643.378453501166804124113025619502750         630.992853261345790836780978202200172         555.592439805808348017154770548225503      

   642.338833928619682950284221457011739         630.006940785488772888127282116570563         554.932106792961287237476175302822405      

   641.303802578425420822714133706412083         629.024665663142615547408364710269861         554.274766571576132079784303636172819      

   640.273118223544925225582671654549064         628.047222926140861037970476062550564         553.620192669541785622253729954194212      

   639.246973758093809266378785262925402         627.073454377751131475170672141693787         552.968570509894653582364265514779986      

   638.225153876409016586567507334219455         626.104414031929303647888836101243177         552.319698672106365356354408231437669      

   637.207826905075904903021621849572616         625.139076432418279763540237332463000         551.673739718470679718708341970880096      

   636.194800468199626020893550451742145         624.178370998387346283605313511747595         551.030514372127242193585767711171739      

   635.186221206077801344622752246535383         623.221389590903678955624301311068343         550.390165000628475224834106400284080      

   634.181917028056510540322978284499988         622.268951546616520971691194792481045         549.752531901751572965175199317235516      

   633.182015433340620975311835648018354         621.320252414601309405590041861859171         549.117739604734749603067340247824598      

   632.186362278801800459192600599325767         620.376014272741315584619671013481200         548.485645712328590785188585945730288      

   631.195068170891212021173245187169680         619.435524313989633565838129287639224         547.856358998233548619996519549465175      

   630.207994847504092293967698669977899         618.499418689152254521164916526448916         547.229752364968094542892114657447403      

   629.225238008440091548248855730343244         617.567065591733830911426253865396857         546.605920671577488048206169431810118      

   628.246673445859394614191387712719277         616.639025258677861519373518308949079         545.984750348765736905972213275885065      

   627.272383707355763359619773953590150         615.714737478584046152062360696822450         545.366323967984745332349441420929011      

   626.302257024519296407302755600036353         614.794695422669326714479381162279522         544.750539922926266733519336619076580      

   625.336364342539838246609031101341964         613.878402163058192236284391347807213         544.137469935506511378986742221035517      

   624.374604904933102676011216693593246         612.966291623846535258501500326362815         543.527022979530279965161119865404139      

   623.417039423505224249707202092747952         612.057922815763595558468167595704107         542.919261198369130221145784886329616      

   622.463576891783957711568629423978816         611.153677324637489802115400721293820         542.314102924134216557044172996919724      

   621.514268997508770053449201212459642         610.253163609095751368052984417700288         541.711601844969255827974548564343582      

   620.569033368678660296104036006088724         609.356717021642532963484790709537952         541.111684571776893832213641598891510      

   619.627913737200406686094965021438546         608.463989732952194382499770928953020         540.514397330257959324540148746460067      

   618.690835379387906155424973414418691         607.575276256767955652678101554437782         539.919674056297064532666419007369261      

   617.757835014914640504182563555859797         606.690267407012841771079766158267962         539.327554390558534887635843718442892      

   616.828844696620246791854369223578528         605.809221625498670242169833910900438         538.737978751152477151146500460438456      

   615.903894965439949835175107407221524         604.931863890063282920569826593941767         538.150980969129435335695030214576851      

   614.982923880042373471876888640701022         604.058420782715000788507524220521242         537.566507200177867623358420329470959      

   614.065956538850964584815431109876574         603.188647486772774183205575067160907         536.984586151014067408256649200706178      

   613.152936325024585664020499773628890         602.322742446402886294066535982219394         536.405169056932553741114479105212973      

   612.243883544771853538996794889230235         601.460487552282765939528530511349778         535.828280105918056066262986036665356      

   611.338746303388445801307415326090116         600.602056399558690951639151893145647         535.253875031472437955559345699322024      

   610.437540689252437248907859633734001         599.747254494913450349007902341017746         534.681974038026333652701229596664954      

   609.540218997259305575174104432676952         598.896233490548317718529859427916551         534.112536843540223785548879891180208      

   608.646793605277152055832449104087381         598.048819777254039901555157415061290         533.545580141820725345965481009495486      

   607.757220526975855453015782106792647         597.205145632144522554880002496072894         532.981067181304946716670991920522618      

   606.871508877787630272343584979845038         596.365055915866378277880476369095811         532.419011563086783833833350689121803      

   605.989617973878853843395022082190532         595.528665799435444519715878638136969         531.859379664900474858915074807955745      

   605.111554063979325445602331079677828         594.695836479800276131177044166983703         531.302182364409234175689987135372421      

   604.237279398688933145190788004590502         593.866668026770727082263702873997823         530.747388814115005932473175491477194      

   603.366797709528703129936666611627445         593.041036088091989904154456456004831         530.195007494550908383744559156821739      

   602.500073856086436973260566444022208         592.219027403888626381091437157903202         529.645010019671984392292284343113115      

   601.637109361317794293732730886500828         591.400530406393946785770691068232054         529.097402761192537050648156683658599      

   600.777871406022526480273872395808617         590.585620071347680458871796305559864         528.552159517619193178558826630013163      

   599.922359577145434062982160480389822         589.774196142863666595409886640017090         528.009284806582000203261471023600908      

   599.070543122218499333132761460815623         588.966323215369416295584053647452406         527.468754366408685819108791744784833      

   598.222419932847610945382201459321641         588.161911043422412455658294298444487         526.930571085703156729664973116523857      

   597.377961098247834205810947230022077         587.361015062183824771430142237193703         526.394712426307138707350777487680989      

   596.537163027191587195902985868001408         586.563553886479045592629344354275358         525.861179846627497001287760734007922      

   595.699998451541560889641478153902123         585.769574871956614816232234299845649         525.329952340825348489888894131561479      

   594.866462484858572863474631386848255         584.979004477201544889610637968833321         524.801030112757741599876167088448119      

   594.036529325610999176148849581159408         584.191882932366288509319263997289434         524.274393519898036132934442301009843      

   593.210192957786667760635585002246797         583.408143641407401861493035273752105         523.750041666712129059189765631919457      

   592.387428890741704971659218114451310         582.627820551889618542522640071203127         523.227956124581763146628054682484946      

   591.568230125108597532793703360365245         581.850853219134377083478241440880556         522.708135035632351049615694988456975      

   590.752573343377743014833642021346478         581.077270052845950968078718172833857         522.190561053070407381122968974926276      

   589.940450691886659470171600435449802         580.307016057944697878219208764927930         521.675231477727641787582642170880999      

   589.131839904385423686338188488462529         579.540114764243720683523933206194998         521.162129927854968578243654461013793      

   588.326732386819567572410528980892125         578.776516006008510414269124655486219         520.651252969893046363058894875704373      

   587.525106816359750430380309775862044         578.016239014466500359706640806996787         520.142585083878067072615442762556861      

   586.726953959071946126043637468093717         577.259237905006117745136594431222319         519.636122196261929999988007250018211      

   585.932253340114466133444298081302142         576.505528123830672375506753725482350         519.131849557553871807959859946739952      

   585.140995174356549870909759153589772         575.755067582883105150159996500183921         518.629762537571821831195503000366292      

   584.353159750477279454563648237836971         575.007868397042302936482231283141061         518.129847076541785791934228273754935      

   583.568736810381440442994510651235959         574.263891846487759982078793906563902         517.632098061239122633723253545343151      

   582.787707331495179358685359112860709         573.523147115576908844177959391467000         517.136502050177407869545157522652345      

   582.010060651758937836079757762711345         572.785598474116135303980817814369276         516.643053512052400241721508935041563      

   581.235778371140348539768093844701971         572.051252530002454872338873739817556         516.151739560477407044293192383489039      

   580.464849484459859373610500838532457         571.320076207986598671105912695618227         515.662554303406254830056995215413506      

   579.697256155594753640176929848074492         570.592073852263029658018949979388238         515.175485353646272565155815967743288      

   578.932987089885069798465062830192947         569.867214746662674941635825328037796         514.690526509008323021191712545530781      

   578.172024963180754131507922821269404         569.145501247938156819558567506780451         514.207665832022684035387981668234545      

   577.414358238616446467216745342145394         568.426904737440370557277118389299386         513.726896855001132861562140492671806      

   576.659970057995800942258679393937980         567.711425828490550797681716330103103         513.248208046411691930975181948168682      

   575.908848683900799040744042953730568         566.999037768713900629873099452439445         512.771592712448418080330569955120475      

   575.160977683301290502758907804728560         566.289739643513276347553979517952241         512.297039688756192377730922836193578      

   574.416345154912888503679354996250130         565.583506362331781267463917523700895         511.824542090142319754184768851020996      

   573.674935054708727201860263462827967         564.880335672985675859784979165495043         511.354089085107478184702627262922814      

   572.936735349837306083369193193692070         564.180203965953556262319733545994452         510.885673627693793426119649330967541      

   572.201730353200378238087798644191290         563.483107819546054539703784652611563         510.419285188860086844690502058092551      

   571.469907928803460742969085381775053         562.789024945415963575976964372563190         509.954916588873626696694833366650860      

   570.741252718016450762897259557020994         562.097950900787929550460412415922920         509.492557574220862818296260425172337      

   570.015752506703165290635170720450631         561.409864577116081899460432294711821         509.032200855175865853113016585398827      

   569.293392239436370880892200012584317         560.724760641585629326607632418047693         508.573836429886207227107685256811621      

   568.574159645916202934209079473880178         560.042619040417904062126897661688039         508.117456919579244812352526772161685      

   567.858039951477901483653797440014872         559.363433666454150793584671958484591         507.663052552904990575021175699397865      

   567.145020848965709514645867507630459         558.687185410087838973844257084534232         507.210615880485487213567693475626875      

   566.435087824534518140139559747298623         558.013867491947425695701125394909932         506.760137342707628832437170621577161      

   565.728228551122144991134072942273293         557.343461648763827024827046759675649         506.311609435816183442824895179180408      

   565.024428757968597748036615041898905         556.675960519098495832560744192164479         505.865022795284435382022375295084064      

   564.323676112971984814030539698037562         556.011346599462048069041817994652834         505.420369877252389627720796369740964      

   563.625956572675501535245199097143516         555.349612025904536235787408662208194         504.977641497498617258293109727437342      

   562.931257812964980435203385541373674         554.690739978124591266642318071092350         504.536830084603207808080084533346710      

   562.239566003631498892100702106335578         554.034722159859182683702853384393867         504.097926621521232448861504171148698      

   561.550868839951869001219820019487649         553.381542366210929177711733304405777         503.660923520291431002815493912750936      

   560.865152692436635300590127629126399         552.731191930534204671236784042067721         503.225811919377107755911648493868639      

   560.182405285722712624855242734064421         552.083655203335583360676562238997624         502.792584223945912985773346194492990      

   559.502613179862056484784174342210176         551.438923202212207729969489242150335         502.361231717592170102486088529314866      

   558.825764137554580726150540589754964         550.796980779953975630533856046634385         501.931746807091684136633143345979837      

   558.151844898409927447445022404099232         550.157818686571741813072408141298885         501.504120911933899519283646142969820      

   557.480843270776022992445945859419606         549.521422230098119684408653063329174         501.078346447930011006484021014722203      

   556.812746164892899582993398563869384         548.887781935425928410363607339013597         500.654414962237696399181900137811095      

   556.147541441354688083423095428794390         548.256883524163514750333076843965436         500.232318886201613500037205955863072      

   555.485216173039055919703585396820521         547.628717333515492180303429883856851         499.812049887312892302895265139951158      

   554.825758278513500604984616509700544         547.003269461748349986557936253434416         499.393600418127131649189251369000803      

   554.169154986127381595707848630156938         546.380530091356888040329758550060531         498.976962259922942797249637099586654      

   553.515394277379995632921213130808233         545.760485664545910128877063747130502         498.562127891419692680838617219394597      

   552.864463529658044787011195848449356         545.143126238146047414525268937009732         498.149089201835039912677281809639054      

   552.216350791672708515543943229616731         544.528438569290884661780062094703883         497.737838700365084739929181531237085      

   551.571043584061115963272050866073290         543.916412614718123879050237674419177         497.328368378934985847587712444082788      

   550.928530026427912567847256183915144         543.307035420760120519514083262874424         496.920670780965610271203364998063674      

   550.288797777446786283839168383130050         542.700296866563495478598699964275431         496.514737996403691501240144751309539      

   549.651835030769475415315485634565833         542.096184264828218497548354228609610         496.110562606144181827579860486889496      

   549.017629578399656843535680393717925         541.494687436900175673068493455181480         495.708136793952114488859171554488024      

   548.386169690724154778770524461784990         540.895793941578253139920707718399856         495.307453181005646441355996977141404      

   547.757443288819248696432211002006930         540.299493559802694766048444860547604         494.908504041111841158352806124816012      

   547.131438722084266591292969364578941         539.705774078467792239947110466380328         494.511282038152690718784353399678633      

   546.508144036808519939006363090369720         539.114625253387436656692110450445407         494.115779532578854141458573492814730      

   545.887547663319324023851695459791902         538.526035083550302981767952301240021         493.721989233053995316510489150898275      

   545.269637769611862687510796912806071         537.939993313054350026317919709666272         493.329903583608318347150697912690131      

   544.654402868537957945391964606308472         537.356488138751955195724402930246995         492.939515339462581181141243477157291      

   544.041831246603782686190912864738225         536.775509304784897053954083037314815         492.550817025458470270456427158086109      

   543.431911500501181233142329085130824         536.197045193203766504229313423208758         492.163801444882526711280437704237248      

   542.824632032329231615958175765426864         535.621085558496055100786298282331456         491.778461200881913423764448161118083      

   542.219981523687845720520648696850918         535.047618956628977828479321031755603         491.394789146082439869947996359436464      

   541.617948489596361827125285273398608         534.476635161450146348428017319156885         491.012777959662811244233632150988409      

   541.018521697412956709426482299737813         533.908122892785499540142892361803228         490.632420544654246582875154071170583      

   540.421689772622300781770717828431284         533.342071951720236117351635152102326         490.253709654198631999915403797323187      

   539.827441568999351810761441569804370         532.778471212963227377581642004874776         489.876638242616010260160933091589767      

   539.235765820232394150105630956876016         532.217310511710811665612297871444098         489.501199135125241471069173800295562      

   538.646651467003114897381150928799098         531.658578869535992153008357122208022         489.127385338057630218430250466813990      

   538.060087349113238969595915997221296         531.102266161733428929629937787704765         488.755189746984261511504437632384962      

   537.476062494492979122926866827331257         530.548361549567877433267218104279239         488.384605420828381958887530031586937      

   536.894565847119718703214792186452466         529.996854953636994276784045331385348         488.015625323931718579045823019136545      

   536.315586522383872658075082230702184         529.447735668473614071550440608504711         487.648242568265362092466906770423497      

   535.739113566636157969437481118195810         528.900993664492331341256251440206493         487.282450185487098193338094162049485      

   535.165136182824674760452438317565620         528.356618363732739085168810871245407         486.918241340961987285717120185552482      

   534.593643517991634041629379515106006         527.814599790330668933821067791119827         486.555609132322000957791481917061370      

   534.024624862640176072518255206587136         527.274927488657188383261809776501703         486.194546778575771734316909818961913      

   533.458069462929413097663363930056582         526.737591539935674443009317775107909         485.835047442087664932328788099420779      

   532.893966696827173946614770602823525         526.202581606211977787616938187030242         485.477104395674672913357438630112207      

   532.332305908130420060982011587679349         525.669887828688647725990028488743774         485.120710865280679199641931110866335      

   531.773076562104579671966635325882878         525.139499982888614261190898115741472         484.765860177621352050441968664401413      

   531.216268098790600346599594404806965         524.611408272466482918377007473543245         484.412545621146265668879553441291076      

   530.661870070517368467409116977978012         524.085602582630868917805798017103903         484.060760576494745081436500166891506      

   530.109872012251988730657388540124850         523.562073181591999610936472761406596         483.710498393618551576879406073874279      

   529.560263563094163920505429392643453         523.040810060812534934599427187575088         483.361752507048382783088263539529498      

   529.013034351687263881880994096274876         522.521803554836240222209909367431510         483.014516327297294701967650999862735      

   528.468174103558215261228097272119346         522.005043758266786668091104532246328         482.668783342704936198587511102444337      

   527.925672539837535948316295408563553         521.490521073472326945082555844545387         482.324547023460557796583938223845194      

   527.385519472091497647313310749236078         520.978225695366750861898634000881086         481.981800911586496130168192551281819      

   526.847704712803088223672678986415713         520.468148095380469195046511007893606         481.640538536112858861264439134998707      

   526.312218159151641810088777422323563         519.960278566156896635998768599088807         481.300753492580124013640429054569575      

   525.779049713886771668703893610825313         519.454607649203710894325132954415984         480.962439368068350218500668757368274      

   525.248189359341379360818064519259212         518.951125732534847796776456821178789         480.625589811438236471787603740133320      

   524.719627087489732367999727962137844         518.449823428554006065188050254552017         480.290198467068602414173532746962151      

   524.193352965330173267611551158647423         517.950691218483218759285095106034912         479.956259036913407749180192899685797      

   523.669357073059136372300438598132630         517.453719786268210971010481872516244         479.623765221934589220018367204953582      

   523.147629561827689032104535164941700         516.958899704351073902950474129730112         479.292710776927193476747480679623621      

   522.628160599087543388661679874960650         516.466221728713581343110098038485905         478.963089458752487815755056867724762      

   522.110940419608750535221862929249164         515.975676521184609381061738972037167         478.634895074772596160216823564120867      

   521.595959277163570070797513772703434         515.487254910142363986136259713331589         478.308121437092923924699483185304297      

   521.083207489589415047315740621416906         515.000947645106656179057280750967102         477.982762405349807743050581942212922      

   520.572675396073474914786611702408621         514.516745627095073196832717884627424         477.658811846263305547312438565014773      

   520.064353396953794220468519404491308         514.034639691744603485709130231886205         477.336263671434877830205344547650866      

   519.558231915953289709095258069643788         513.554620812852043901892116711661602         477.015111801592901229728411143759740      

   519.054301435331241750037652009844862         513.076679910706342134637512011648031         476.695350199980967905753535129217246      

   518.552552462491116887721531393168662         512.600808031932855170099293982484341         476.376972840750329731684000014370490      

   518.052975561023523592979199031759038         512.126996180103828930403480028221569         476.059973738451862335403012580242951      

   517.555561321179207788425347712689234         511.655235474643219738797676200001978         475.744346920093137704229515675000256      

   517.060300387281582975999493695888608         511.185517001123874041170294184327612         475.430086451187416287204409835840700      

   516.567183431615433549390455828846701         510.717831951668937377753602185643476         475.117186411049150710870740791544511      

   516.076201178631509756491515823281735         510.252171492645755273113868768169416         474.805640915800629079666534045252284      

   515.587344381853758036087335887119155         509.788526888716512262805211187423633         474.495444096529290763407328377697488      

   515.100603845249321874834819149800042         509.326889385905264901049669751118287         474.186590119606039005176805973400607      

   514.615970402803320645038871636570491         508.867250321200037019830202368678545         473.879073167371560614067282393562347      

   514.133434937384165538276579805723326         508.409601019204796781084369946832816         473.572887456079142489542308686436416      

   513.652988362675735969934582046311726         507.953932888973948702985400404402910         473.268027218815901450795465537033418      

   513.174621639829540300954497267531033         507.500237332669083685044980694358790         472.964486721346546631945690074180426      

   512.698325761480217040795513424560078         507.048505831111264669626990885349383         472.662260247009636471009860747644207      

   512.224091766442155262506357640806929         506.598729863046197147511730169500805         472.361342110706569806858665581909698      

   511.751910725566129074662245961036985         506.150900980726909090446729601612237         472.061726645543218137027683823265239      

   511.281773754708023122188236483520645         505.705010738553424582451407578547534         471.763408215180010172362664604451716      

   510.813672002212581334050912788365556         505.261050759845743672256548646014131         471.466381202016001809527132397843250      

   510.347596660355399730092635091015025         504.819012673767640988662943739812613         471.170640018090806680001868877967243      

   509.883538954264665714604670326568621         504.378888174314919059744546906494276         470.876179094631772970719069515335251      

   509.421490152014178014624357190997901         503.940668964559795205034314820100190         470.582992891676321573404216828213272      

   508.961441554815952021935802339882947         503.504346808760166310458231672168996         470.291075888823759435478079878959350      

   508.503384505921346686422564337931137         503.069913483073133383730846971276888         470.000422593726977442822900742161429      

   508.047310381936851502980428042544791         502.637360821585650794865769998752762         469.711027533908863848956336948293966      

   507.593210600672125880766799856773727         502.206680672744785109585143517131316         469.422885264254985710546982884777418      

   507.141076613448462029037149278827484         501.777864940017013852573680744710556         469.135990359770855419832864366084213      

   506.690899912016393866387642312326577         501.350905543370340396508287947312724         468.850337422191906992436685889894821      

   506.242672021741510351314688753121772         500.925794455187230529772514936169443         468.565921073572263271004239746318588      

   505.796384507700021086793231965959546         500.502523666211048627510919531470055         468.282735962114787143589092867759847      

   505.352028968640009035319041063913903         500.081085217264914725872365208870333         468.000776756494717031563731707030797      

   504.909597042350730083363364787817696         499.661471169143273365987135151121623         467.720038151000615977207041772370423      

   504.469080400309248001930913871554601         499.243673630624706084068172958030719         467.440514860507483368989494721517743      

   504.030470752408102253966304847805714         498.827684731849839845437203768820964         467.162201625008858667495867252146590      

   503.593759842207743038276580655093136         498.413496649059375966969745900638884         466.885093205163950089003782526614594      

   503.158939451097354906388600137258946         498.001101581052914836891683958665924         466.609184386291812729189333667073591      

   502.726001394082766171266452761302929         497.590491771033292860806683233494803         466.334469974425812230237382858770878      

   502.294937523446514654914172104974144         497.181659485788061492870057238895049         466.060944799832546224832255856941641      

   501.865739725009085404403197910814396         496.774597034976890546982802776301370         465.788603713514717266906530858487604      

   501.438399921346615865851213816918267         496.369296752719114669387970025043465         465.517441590310175500688534858209696      

   501.012910068470543989871691505606457         495.965751014621785365285371477540786         465.247453325791129118386844302028104      

   500.589262158654555570683903269448252         495.563952221493525129556733533568571         464.978633838992243305613989683522192      

   500.167448217484112130719891913542992         495.163892814376191866630992279606799         464.710978069660173161269439167807814      

   499.747460306338239022628607587987419         494.765565260137823930464627437450331         464.444480980653960615262318950187930      

   499.329290519766046771533353533780264         494.368962064740289112977424414682025         464.179137555504226857086730259044813      

   498.912930987663652864069868106641805         493.974075760492861186518239342886251         463.914942800524077875952747124100934      

   498.498373872939797931281113301393892         493.580898917761192826370541853287606         463.651891742642022955947547030278318      

   498.085611373423505690355999564130575         493.189424133688476284877227955858510         463.389979431257153706534732747977300      

   497.674635719785302851124602837292802         492.799644042527191516704257339995029         463.129200936314034520222404748310965      

   497.265439177207078632626479769698378         492.411551305657259500005203109603448         462.869551349931991359667479370093615      

   496.858014043529312066190694852461588         492.025138620700907627543158444813921         462.611025784693913239577428793800947      

   496.452352650710931432606044123917743         491.640398712687067812948444085437317         462.353619375076015452180338434974371      

   496.048447363176394357820709905677830         491.257324342091047630374748064354411         462.097327275925754684620336556905256      

   495.646290579090112340382434963841822         490.875908297011960585266456605562982         461.842144663715363632874216500840635      

   495.245874728880270396644372429949773         490.496143400262407869163097603534136         461.588066735186966276005162272127293      

   494.847192276349523027582658466730358         490.118022502441223566320781869822684         461.335088708450469969843059306853523      

   494.450235717355127742724018153555235         489.741538488183805808448597528568064         461.083205821776515833216432213595594      

   494.054997580775092569218178956840854         489.366684270026152524821283191072733         460.832413334556918912112508743965338      

   493.661470427326572723313363980584554         488.993452793913609168977431118552485         460.582706526228340616039000310075094      

   493.269646850404417404481343890589326         488.621837033764270590240025356008004         460.334080697111350715561209083456800      

   492.879519475021877558347741964865925         488.251829996322538244548462766915530         460.086531167449698785061076478423759      

   492.491080958536527037122551319973642         487.883424716340656166184420053096441         459.840053278142201223708522772890408      

   492.104323989699183945954981825597137         487.516614260853419482119868945028666         459.594642389884247188188010308017073      

   491.719241289280438077313856673041565         487.151391724906061035451546188303553         459.350293883805060862629802813741125      

   491.335825609215327152767152840959689         486.787750235317571173982367777479271         459.107003160699631330440645472275407      

   490.954069733142162057061115646929556         486.425682946891501014750999209698695         458.864765641582439648268741176037491      

   490.573966475631947474681345433352364         486.065183045727504855802767333231370         458.623576766999375306345090713820670      

   490.195508682649835268523132407205920         485.706243745859004235564695874253569         458.383431997507726915736043012478744      

   489.818689230859558741313474365625291         485.348858292165628727447095131112384         458.144326813058861369795958406162364      

   489.443501028016641677558481123900506         484.993019957388204825970375434410840         457.906256713413136365543189769264594      

   489.069937012339246330316173178143817         484.638722044688642114629107612754435         457.669217217585190686968829922831666      

   488.697990152841202752204029746708054         484.285957884998472446222913327202115         457.433203864201428882630002155251523      

   488.327653448761669934811588251239740         483.934720839267312668558997167178104         457.198212211000718665048337324236931      

   487.958919929845110816546925803300218         483.585004296106270788256491279542906         456.964237835141207421827491677349898      

   487.591782655823049087431617474831712         483.236801673761330657883441543085578         456.731276332750060074433214984961081      

   487.226234716647285293707697753558292         482.890106418017440785886054925024584         456.499323319185580069212732600224150      

   486.862269232017812187033353298725338         482.544912003928937342334932118742837         456.268374428630360985738604193929122      

   486.499879351574833936677003534673505         482.201211933954106898238498633007560         456.038425314313989183679093653625930      

   486.139058254467592498377473063132732         481.858999739471027030692764836692351         455.809471648144636326270693341863209      

   485.779799149510103861939935651405306         481.518268979115907423761859311961679         455.581509120897006297860326383161348      

   485.422095274786257300353891244560770         481.179013240109425016967724473934554         455.354533441877973624520938499751883      

   485.065939897773609897686324919677984         480.841226136775252376007359303093841         455.128540339083894213102619995420325      

   484.711326314980659044247848539688905         480.504901311699046158242078370197865         454.903525558896405256342662893433718      

   484.358247852042530435543815883355180         480.170032434406315005246303777042357         454.679484866212739460175620464593234      

   484.006697863386800049685961509449012         479.836613202373641405425248220389064         454.456414044168253233475251235579434      

   483.656669732304463631864167425215753         479.504637339847465581888466472343118         454.234308894242960016473570434488624      

   483.308156870641104911987875454043311         479.174098598724842124434847630510730         454.013165236007752284542495536845999      

   482.961152718846139441393432278497032         478.844990757496858568649006648552930         453.792978907209994872134920864240954      

   482.615650745686497420443691247161074         478.517307622014214550104244093128917         453.573745763540758671082181325882956      

   482.271644448276785582474433284887462         478.191043024540886798523890688656461         453.355461678701983722297679812533628      

   481.929127351812981392366009062281249         477.866190824418039198581497990228739         453.138122544192353857020512305925437      

   481.588093009585848128627790279330360         477.542744907215218744951774701921520         452.921724269358246731051907456340225      

   481.248535002732427412503081846276923         477.220699185304532526257550554449873         452.706262781196153809697932412685029      

   480.910446940234769996342372178797041         476.900047597098137419149377486264248         452.491734024389375964949302981659678      

   480.573822458687270031463225065360877         476.580784107543230564486766773801279         452.278133961125136354452675719513850      

   480.238655222282533153122107210600584         476.262902707435901857605101879842371         452.065458571118751730543476688766965      

   479.904938922592822520143541801414144         475.946397413846256679688000568363734         451.853703851443800633210547176418053      

   479.572667278544672903260767219562433         475.631262269499854570209424727544392         451.642865816545298671690630404510363      

   479.241834036212918799762528844143518         475.317491343141198007990664973206710         451.432940498081474330819451217138609      

   478.912432968785475121454705377721643         475.005078728975000706606074541515748         451.223923944927298088537409138051248      

   478.584457876368594668977199299430288         474.694018546975317492572324280514964         451.015812223026585931284319071464637      

   478.257902585943069796244469354708871         474.384304942379787065187991004799769         450.808601415387074531533927909831740      

   477.932760951179522930754755472543867         474.075932085950830810378918427237136         450.602287621941720849858898980530401      

   477.609026852387136716449003036261966         473.768894173516811415865170772325759         450.396866959536376300686862528191795      

   477.286694196337919482219819460664279         473.463185426190979813184533338717442         450.192335561799281856372181795190853      

   476.965756916208941584287431617799793         473.158800089954194934431360150528368         449.988689579122271042842458025258036      

   476.646208971414639870680646506239986         472.855732435836636426094624822658693         449.785925178537575760428677035061347      

   476.328044347543423268854628296776523         472.553976759537352853190880756432484         449.584038543693379188278239275003999      

   476.011257056197188238535628468099344         472.253527381573173244785688045531272         449.383025874737149870428013178929617      

   475.695841134923055323121875671990297         471.954378646930900719616779309139851         449.182883388286269502486562991947257      

   475.381790647059362978870783627501809         471.656524925187339351167011102447026         448.983607317317203265892051016706542      

   475.069099681663207276777587096925019         471.359960610190435922340844895765601         448.785193911131842549941793782554272      

   474.757762353362265802386048316857115         471.064680120153882125908106775762066         448.587639435251899436547124242599579      

   474.447772802278733586118846141259250         470.770677897363936391870916767301827         448.390940171381529374033677084137727      

   474.139125193886403274947854453913230         470.477948408251658075560453043015417         448.195092417306408342155454575385412      

   473.831813718931520470973607604949365         470.186486143122520612239134695067865         448.000092486853134191390640688644618      

   473.525832593294612223679739857686583         469.896285616208977911975874326089382         447.805936709792507434384805973361712      

   473.221176057908723197403248554955747         469.607341365420315289455517367377123         447.612621431796151379668055807820322      

   472.917838378625542728199685092586021         469.319647952377933322547478761975445         447.420143014343572656202966851857163      

   472.615813846131428673838483632321252         469.033199962183179213324628191175192         447.228497834676388505690274912980881      

   472.315096775817434712525617964006315         468.747992003437455051633230247480861         447.037682285708791895530872521617063      

   472.015681507693480517475525006837431         468.464018708026034021029914032898791         446.847692775979728595757345161095766      

   471.717562406261926432436339555278628         468.181274731124854076527030099302059         446.658525729566434818326360715794381      

   471.420733860430206017344383816492341         467.899754750998554724051805290745470         446.470177586034866292097710136724864      

   471.125190283387635412834660314143179         467.619453468995599805676911632785826         446.282644800356014442035705284952652      

   470.830926112516786670600858383320708         467.340365609358974994613254913899297         446.095923842854853969001888415770865      

   470.537935809273254630056187033013566         467.062485919211091352673069631758994         445.910011199129177233573563122477932      

   470.246213859096016199433804122997449         466.785809168375764324091468525671303         445.724903369997295299239451524536073      

   469.955754771289908955246545144327825         466.510330149354180046997497200801329         445.540596871419159926801030944181100      

   469.666553078935192167667284958505810         466.236043677156936263848357052668632         445.357088234443025166068976857958727      

   469.378603338772519077039123101751074         465.962944589272203431798548814615542         445.174374005128652652989689188203861      

   469.091900131111889508822073037187636         465.691027745506749038865621756534871         444.992450744493116208620778500695350      

   468.806438059719922304953232081239714         465.420288027947293070183326166539723         444.811315028435909364107057304981283      

   468.522211751728366451232580773321733         465.150720340809561886573804198898820         444.630963447684053668784644016416603      

   468.239215857523501819348350017199110         464.882319610393720534862858708642240         444.451392607718947903053079397974702      

   467.957445050654355480944227155922935         464.615080784940612517487988622016726         444.272599128720921576086142670746574      

   467.676894027724078079563941514758164         464.348998834582047991592986562507712         444.094579645497683437332706458748302      

   467.397557508297994119693397921770947         464.084068751203483120855371319697411         443.917330807428444663499306261702244      

   467.119430234796818229196639901526292         463.820285548389851804879883008884277         443.740849278393840323178520707113697      

   466.842506972404652413448649542617276         463.557644261294024347630124008258368         443.565131736719731751832218436515358      

   466.566782508963921446467891396812604         463.296139946578789595014359549185292         443.390174875108488805949630240043890      

   466.292251654883416126918675858134688         463.035767682290508694866595917189387         443.215975400582567673344708489398841      

   466.018909243034840278465967935678777         462.776522567797783158813394222398788         443.042530034417054289836700570131282      

   465.746750128660986721260630415953294         462.518399723669786690209792392181612         442.869835512083102126721366632065358      

   465.475769189273800070856789183197866         462.261394291612091632629450232890399         442.697888583181648225604080675822041      

   465.205961324562761256102138085415594         462.005501434349221232708208659061624         442.526686011386785165534083496553598      

   464.937321456294380659598108881335288         461.750716335558051225385656379987007         442.356224574380570969402909030505451      

   464.669844528220857403071706114587020         461.497034199754177386823520553273071         442.186501063796400320990178120542441      

   464.403525505980926528410666319666871         461.244450252223259781754159704294281         442.017512285154838258696644921245977      

   464.138359377008850786464629654458404         460.992959738910846850408402443183404         441.849255057807047647177254635168386      

   463.874341150436553655406624791898412         460.742557926351986351261094581963027         441.681726214871584233153976350132953      

   463.611465857002993877603563896256834         460.493240101564188224710919750823685         441.514922603177930253285090148791638      

   463.349728548957523274498065942668261         460.245001571975587838218604632382722         441.348841083204195199083435076340093      

   463.089124299969687663032623643220637         459.997837665320766105283570425241771         441.183478529020799152507601675006664      

   462.829648205033754762153764274765293         459.751743729567716690094971525420592         441.018831828229029595707924172414640      

   462.571295380378979283058261295207272         459.506715132816273887168126338466606         440.854897881904912511602470439835454      

   462.314060963375251827887381132738949         459.262747263224105448379721505858081         440.691673604538580870403123026602659      

   462.057940112443860796465472120304998         459.019835528907527036033895650403427         440.529155923978366628509295162772173      

   461.802928006964218137690159756929403         458.777975357866715836321979341535796         440.367341781370941208047598032401814      

   461.549019847185146169639358485257086         458.537162197888715419205766715117172         440.206228131105657198095016841778152      

   461.296210854132640433610812062355523         458.297391516472041892256517929149677         440.045811940755425286949518281921675      

   461.044496269521705513954062721882147         458.058658800731705116867202332406699         439.886090191021330648102512538305780      

   460.793871355665119129978238420851333         457.820959557323358475720927259308867         439.727059875674214450519191980264605      

   460.544331395385837504296863804716028         457.584289312350181944298946108394823         439.568718001499586538818340183124257      

   460.295871691926728267501693564099243         457.348643611286708276345942182526805         439.411061588239882890041214915245855      

   460.048487568863562804117114789214827         457.114018018887430710952208765450523         439.254087668539693220941257332152102      

   459.802174370015688590809664464616885         456.880408119110422242704900601640000         439.097793287888668629656885190739208      

   459.556927459359623198568920704219295         456.647809515027546021590059600616192         438.942175504567080136715979495159960      

   459.312742220940639383043679331447527         456.416217828747970120072068654866716         438.787231389589353290087764272110553      

   459.069614058786972997293204534961319         456.185628701329872188796103855106141         438.632958026649971329687385203874359      

   458.827538396822296543046084295254048         455.956037792703939542496531300068832         438.479352512067615782805006380202869      

   458.586510678780551112298193080535063         455.727440781586471574977636537960789         438.326411954731425898518793564475711      

   458.346526368119286226610001102912670         455.499833365402943865880725485596220         438.174133476045726251365593648368873      

   458.107580947935124044385402967325703         455.273211260202422415712593848899014         438.022514209876652290292921270193944      

   457.869669920877945193332632467297384         455.047570200581260654991572971503890         437.871551302497447731584288334177936      

   457.632788809066991823767858265146999         454.822905939598748895035954472476148         437.721241912535464478663686571503262      

   457.396933154005880804966144226418849         454.599214248701004448657507667477774         437.571583210918014147176480127447127      

   457.162098516499350747074368808808756         454.376490917637787947160870844073232         437.422572380819749212238336402288975      

   456.928280476569085409928768543529940         454.154731754386639123945326196170497         437.274206617609054392578869169762415      

   456.695474633371108533962989106301708         453.933932585070798948310751783571049         437.126483128795814648728770057850269      

   456.463676605112401621956691579323902         453.714089253883636861994448452944361         436.979399133978333379917972829888318      

   456.232882028968949292211910049392856         453.495197623007624136927714763592050         436.832951864791491810803947666037883      

   456.003086561003136758877771149017046         453.277253572539092385539484315828222         436.687138564854182042635867616115620      

   455.774285876082447430549560208407521         453.060253000408209260646151276813321         436.541956489717861410286638033504227      

   455.546475667797626450303141267987201         452.844191822304102791100498299012155         436.397402906814489394182684500453900      

   455.319651648382031393759064884048715         452.629065971595795594202411447537147         436.253475095405479688451431350937898      

   455.093809548630549150793176959568695         452.414871399257724937488497562329458         436.110170346530130836529704026873549      

   454.868945117819599814875790550686831         452.201604073791596104016565916839266         435.967485962954978011780103347079763      

   454.645054123626795007889902075563792         451.989259981152323976784817765204359         435.825419259122708000128226892206334      

   454.422132352051594384719761388470438         451.777835124670770152652544895065264         435.683967561101912044697499355819719      

   454.200175607335694232447428652786169         451.567325524980128224429557986194202         435.543128206536476474419760089957744      

   453.979179711884335429695459481833356         451.357727219939512739860342727587883         435.402898544595737393627796352415148      

   453.759140506187411802063042005634104         451.149036264560807161617276195627041         435.263275935924338856173756615314693      

   453.540053848741427864877016910409765         450.941248730933075866549030807170491         435.124257752592789680258252349524552      

   453.321915615971316997240639863741225         450.734360708149890945968009054038408         434.985841378047781601870751147722925      

   453.104721702153046851003107660824600         450.528368302234541183951631682413201         434.848024207063148056255596745134968      

   452.888468019336137924330875499378047         450.323267636067851375537494103336629         434.710803645690635220141102078391925      

   452.673150497266914131257912728888452         450.119054849314164652541039662650908         434.574177111211262216928569938449015      

   452.458765083311712819412959616831843         449.915726098349665806770389072031461         434.438142032086538380991831695818833      

   452.245307742380777656736263498354952         449.713277556189115484057679922138825         434.302695847910224007547598884009089      

   452.032774456852151553235002424313705         449.511705412414687069101421550981626         434.167836009359987550284702651189388      

   451.821161226496208728405311643234287         449.311005873103433175431023391184833         434.033559978149565743297314266901372      

   451.610464068400222369235334086746955         449.111175160756643947687870157755343         433.899865226980854780745440842272657      

   451.400679016893532488303625255824142         448.912209514228027965533963119552533         433.766749239496468382227003673860633      

   451.191802123472780484647693639779379         448.714105188653598321327679566136976         433.634209510232257304763990621837928      

   450.983829456727709183782226456677772         448.516858455380551554715961786697404         433.502243544570263700154902243927190      

   450.776757102267056768868752281194612         448.320465601897686545094955766551831         433.370848858691663579465270408219254      

   450.570581162644985205910487609730904         448.124922931764966423031367835545289         433.240022979530115617350523677146004      

   450.365297757287626283756336861715243         447.930226764544474156721697817602365         433.109763444725121431064819756900864      

   450.160903022420134466861687671392701         447.736373435730643566125961110867700         432.980067802575766819040440304236360      

   449.957393110993878027449122294780776         447.543359296681754462383543675308047         432.850933611994494933449065800156243      

   449.754764192614112231276075102572629         447.351180714550819937979251090638274         432.722358442461237795431782492925107      

   449.553012453467808766770632878611096         447.159834072217623021419216770053359         432.594339873977597635310106071284670      

   449.352134096251945053390156663157777         446.969315768220248347232974272041893         432.466875497021366402098344166892562      

   449.152125340101965373418291769392630         446.779622216687661500738472343449394         432.339962912501110721093676326530286      

   448.952982420520681995235297202705480         446.590749847271873998777331586380547         432.213599731711077008300006173473025      

   448.754701589307361596057146687159563         446.402695105081065808360921147101745         432.087783576286175653559474440900011      

   448.557279114487233811561244516689642         446.215454450612373304724536390094706         431.962512078157269259180036862486582      

   448.360711280241196704251949899883992         446.029024359685554841786471660025344         431.837782879506551799977737485925889      

   448.164994386835928284444569015779559         445.843401323376392008982035900925739         431.713593632723217427878880575777232      

   447.970124750554204930993670942007415         445.658581847950897600834663119594337         431.589942000359230489966781752136313      

   447.776098703625611374910935198911162         445.474562454799321077452221770022318         431.466825655085372275488853703858701      

   447.582912594157466118519486431102555         445.291339680370897816311315005222548         431.344242279647397890784354066398507      

   447.390562786066125330445334837205217         445.108910076108450201537534982471174         431.222189566822458270522667212650845      

   447.199045659008509437300071455542799         444.927270208383676635472228825602070         431.100665219375640015591728628413547      

   447.008357608313996346096681718139014         444.746416658432340146224658701092257         430.979666950016759945250201293008351      

   446.818495044916543500584901604999157         444.566346022290095282859767803838940         430.859192481357284101883525833402893      

   446.629454395287165823112311332826457         444.387054910728256545663136007304755         430.739239545867492083942179470899199      

   446.441232101366647636864603591781993         444.208539949190160980792727894380677         430.619805885833771510987630556222675      

   446.253824620498600702772815737159192         444.030797777727509108945505152559280         430.500889253316149347815429366005819      

   446.067228425362760510137562748780380         443.853825050937260767695821792658398         430.382487410105958205357148355290061      

   445.881440003908619774446204780794609         443.677618437898541546840279335641912         430.264598127683731843370779815450863      

   445.696455859289303693063469941712512         443.502174622110069194664259991172830         430.147219187177239758368264449978324      

   445.512272509795774265949619741738306         443.327490301427618866627294166363165         430.030348379319744034919240490736791      

   445.328886488791279201055804161081316         443.153562188001977211272382451420186         429.913983504408398741571777135127557      

   445.146294344646122421202810707592339         442.980387008216960007037710960114652         429.798122372262865288472263648624192      

   444.964492640672681386214016737414941         442.807961502627890870753250860175063         429.682762802184073216888994354371201      

   444.783477955060739154985486008796017         442.636282425900165098708036483928156         429.567902622913191212894338757766723      

   444.603246880813064968829113904670774         442.465346546748249792397868843392820         429.453539672590745936161059321383607      

   444.423796025681303247474704222078411         442.295150647874787937617777366920405         429.339671798715945835347082372308169      

   444.245122012102112351117227872766097         442.125691525910116615446711897043274         429.226296858106154717820483376904862      

   444.067221477133605902242060414762491         441.956965991351905549791814050383787         429.113412716856565511658948292969303      

   443.890091072392044712947528286869587         441.788970868505189963970125417068895         429.001017250300025330320016953743489      

   443.713727463988825840635979853850655         441.621702995422538005208432475367323         428.889108342967056328398719906272099      

   443.538127332467722732735473274812758         441.455159223844594716354649967116620         428.777683888546029064391723091599739      

   443.363287372742417443063551205606651         441.289336419140772907458530165922377         428.666741789843527602178518392131609      

   443.189204294034284108471068817899307         441.124231460250304636125383647576440         428.556279958744868021282413101037831      

   443.015874819810459773719707098290962         440.959841239623450243346323525561952         428.446296316174804923127070577838163      

   442.843295687722166374144760328134575         440.796162663163053673035189128807840         428.336788792058391981884086530357243      

   442.671463649543315639889023066922435         440.633192650166264523401606808698424         428.227755325282027023619779389575563      

   442.500375471109364815720218750937385         440.470928133266593484734172932253218         428.119193863654651552212763308182008      

   442.330027932256451140165924509014074         440.309366058376142380282114452977347         428.011102363869131580291531202782992      

   442.160417826760776588382144597697704         440.148503384628155959990867680523000         427.903478791463793104048635346719503      

   441.991541962278267447900778826020362         439.988337084319755017374870695543400         427.796321120784135877153418092185222      

   441.823397160284483423155985454854442         439.828864142854980744462587579669356         427.689627334944701845796788038643210      

   441.655980256014797856979472525790582         439.670081558688026114649823389675199         427.583395425791119070347371021409249      

   441.489288098404826586251990474012873         439.511986343266768979498356108499105         427.477623393862300167822303228272738      

   441.323317550031124386779056765503561         439.354575520976497003069005657463499         427.372309248352813600764280888984171      

   441.158065487052129018724317477743794         439.197846129083925663494681934769712         427.267451007075409208717277530874775      

   440.993528799149369501907482825934451         439.041795217681412112700612514670259         427.163046696423714099482187712429483      

   440.829704389468920837352143763334127         438.886419849631454234002556881555051         427.059094351335082384230569956207248      

   440.666589174563119750226108851762559         438.731717100511388883219599830134615         426.955592015253612922811679486576950      

   440.504180084332525620138267518640325         438.577684058558368147192860817637524         426.852537740093320408993805378011175      

   440.342474061968139359763489824979033         438.424317824614537498783813514866405         426.749929586201472238725377104373445      

   440.181468063893866131575065044106180         438.271615512072485399515601938771219         426.647765622322078122768662794219320      

   440.021159059709233061551101596917244         438.119574246820896972445571583414811         426.546043925559543364656390705421502      

   439.861544032132349363940623781747627         437.968191167190473094524049828345382         426.444762581342474207779613945067472      

   439.702619976943118621238429801165596         437.817463423900055258380621562974228         426.343919683387644828135505736213092      

   439.544383902926691981451335539768814         437.667388180003010305965025839789154         426.243513333664115651841384634082041      

   439.386832831817170767667810926291925         437.517962610833822213376295057049624         426.143541642357511386556677401902990      

   439.229963798241548454202347203256436         437.369183903954938626447840318127164         426.044002727834449573499319906104311      

   439.073773849663899401499290352276741         437.221049259103825362304544580096748         425.944894716607127000572761705341702      

   438.918260046329805358564379294111313         437.073555888140270919382301760696111         425.846215743298055780330877259171439      

   438.763419461211026151562521462552844         436.926701014993899545798696083158259         425.747963950604955507285374003775216      

   438.609249179950406500164107156809592         436.780481875611929910505821645446618         425.650137489265794179964486118064488      

   438.455746300807024520965554618004305         436.634895717907142642139767854562731         425.552734518023983484560932831370623      

   438.302907934601574684844352714982619         436.489939801706089364285118818575119         425.455753203593721905314342612269764      

   438.150731204661990029197667977573097         436.345611398697510659522945981555802         425.359191720625490536535419536955284      

   437.999213246769297122167787000847643         436.201907792380991689862879914620617         425.263048251671695751062215186174677      

   437.848351209103707910612823252159463         436.058826278015826589500397192672433         425.167320987152462962718780240142436      

   437.698142252190942595180964877001391         435.916364162570116911106726847046020         425.072008125321576247595395013344672      

   437.548583548848787073858780678802036         435.774518764670078497565452430677551         424.977107872232567499131352347977940      

   437.399672284133879669380819520465816         435.633287414549579015789033437074306         424.882618441704950421488433435976702      

   437.251405655288730161110520345889511         435.492667453999883402637007764660527         424.788538055290602539653873652170484      

   437.103780871688966343209003902162097         435.352656236319626770062866320058297         424.694864942240291008249690246808013      

   436.956795154790810670460788863601890         435.213251126264994563702756284961772         424.601597339470344959303715839751525      

   436.810445738078782662025707310228377         435.074449500000127146282243180400290         424.508733491529470593495924912671371      

