   0.00000000000000000000000000000000000      
   13.3690919715708163421781633091582505      
   26.7381839431416326843563266183165009      
   40.1072759147124490265344899274747575      
   53.4763678862832653687126532366330018      
   66.8454598578540817108908165457912523      
   80.2145518294248980530689798549495151      
   93.5836438009957143952471431641077409      
   106.952735772566530737425306473266004      
   120.321827744137347079603469782424254      
   133.690919715708163421781633091582529      
   147.060011687278979763959796400740792      
   160.429103658849796106137959709899055      
   173.798195630420612448316123019057293      
   187.167287601991428790494286328215580      
   200.536379573562245132672449637373818      
   213.905471545133061474850612946532106      
   227.274563516703877817028776255690344      
   240.643655488274694159206939564848607      
   254.012747459845510501385102874006845      
   267.381839431416326843563266183165108      
   280.750931402987143185741429492323420      
   294.120023374557959527919592801481633      
   307.489115346128775870097756110639945      
   320.858207317699592212275919419798159      
   334.227299289270408554454082728956422      
   347.596391260841224896632246038114734      
   360.965483232412041238810409347272947      
   374.334575203982857580988572656431210      
   387.703667175553673923166735965589473      
   401.072759147124490265344899274747686      
   414.441851118695306607523062583905949      
   427.810943090266122949701225893064261      
   441.180035061836939291879389202222475      
   454.549127033407755634057552511380836      
   467.918219004978571976235715820538951      
   481.287310976549388318413879129697312      
   494.656402948120204660592042438855575      
   508.025494919691021002770205748013838      
   521.394586891261837344948369057172101      
   534.763678862832653687126532366330314      
   548.132770834403470029304695675488626      
   561.501862805974286371482858984646840      
   574.870954777545102713661022293805053      
   588.240046749115919055839185602963365      
   601.609138720686735398017348912121677      
   614.978230692257551740195512221279891      
   628.347322663828368082373675530438203      
   641.716414635399184424551838839596416      
   655.085506606970000766730002148754630      
   668.454598578540817108908165457912843      
   681.823690550111633451086328767071155      
   695.192782521682449793264492076229467      
   708.561874493253266135442655385387681      
   721.930966464824082477620818694545894      
   735.300058436394898819798982003704206      
   748.669150407965715161977145312862420      
   762.038242379536531504155308622020633      
   775.407334351107347846333471931178945      
   788.776426322678164188511635240337159      
   802.145518294248980530689798549495372      
   815.514610265819796872867961858653685      
   828.883702237390613215046125167811898      
   842.252794208961429557224288476970309      
   855.621886180532245899402451786128522      
   868.990978152103062241580615095286637      
   882.360070123673878583758778404444949      
   895.729162095244694925936941713603360      
   909.098254066815511268115105022761672      
   922.467346038386327610293268331919885      
   935.836438009957143952471431641077902      
   949.205529981527960294649594950236115      
   962.574621953098776636827758259394624      
   975.943713924669592979005921568552937      
   989.312805896240409321184084877711150      
   1002.68189786781122566336224818686936      
   1016.05098983938204200554041149602768      
   1029.42008181095285834771857480518579      
   1042.78917378252367468989673811434420      
   1056.15826575409449103207490142350241      
   1069.52735772566530737425306473266063      
   1082.89644969723612371643122804181884      
   1096.26554166880694005860939135097725      
   1109.63463364037775640078755466013547      
   1123.00372561194857274296571796929368      
   1136.37281758351938908514388127845189      
   1149.74190955509020542732204458761011      
   1163.11100152666102176950020789676852      
   1176.48009349823183811167837120592673      
   1189.84918546980265445385653451508494      
   1203.21827744137347079603469782424335      
   1216.58736941294428713821286113340137      
   1229.95646138451510348039102444255978      
   1243.32555335608591982256918775171819      
   1256.69464532765673616474735106087641      
   1270.06373729922755250692551437003462      
   1283.43282927079836884910367767919283      
   1296.80192124236918519128184098835105      
   1310.17101321394000153346000429750926      
   1323.54010518551081787563816760666767      
   1336.90919715708163421781633091582569      
   1350.27828912865245055999449422498390      
   1363.64738110022326690217265753414231      
   1377.01647307179408324435082084330052      
   1390.38556504336489958652898415245893      
   1403.75465701493571592870714746161715      
   1417.12374898650653227088531077077536      
   1430.49284095807734861306347407993358      
   1443.86193292964816495524163738909179      
   1457.23102490121898129741980069825000      
   1470.60011687278979763959796400740841      
   1483.96920884436061398177612731656663      
   1497.33830081593143032395429062572484      
   1510.70739278750224666613245393488305      
   1524.07648475907306300831061724404127      
   1537.44557673064387935048878055319968      
   1550.81466870221469569266694386235789      
   1564.18376067378551203484510717151610      
   1577.55285264535632837702327048067432      
   1590.92194461692714471920143378983253      
   1604.29103658849796106137959709899074      
   1617.66012856006877740355776040814916      
   1631.02922053163959374573592371730737      
   1644.39831250321041008791408702646558      
   1657.76740447478122643009225033562380      
   1671.13649644635204277227041364478201      
   1684.50558841792285911444857695394062      
   1697.87468038949367545662674026309883      
   1711.24377236106449179880490357225704      
   1724.61286433263530814098306688141506      
   1737.98195630420612448316123019057327      
   1751.35104827577694082533939349973149      
   1764.72014024734775716751755680888990      
   1778.08923221891857350969572011804811      
   1791.45832419048938985187388342720672      
   1804.82741616206020619405204673636454      
   1818.19650813363102253623021004552334      
   1831.56560010520183887840837335468116      
   1844.93469207677265522058653666383977      
   1858.30378404834347156276469997299798      
   1871.67287601991428790494286328215580      
   1885.04196799148510424712102659131461      
   1898.41105996305592058929918990047223      
   1911.78015193462673693147735320963104      
   1925.14924390619755327365551651878925      
   1938.51833587776836961583367982794746      
   1951.88742784933918595801184313710587      
   1965.25651982091000230019000644626349      
   1978.62561179248081864236816975542230      
   1991.99470376405163498454633306458051      
   2005.36379573562245132672449637373873      
   2018.73288770719326766890265968289694      
   2032.10197967876408401108082299205535      
   2045.47107165033490035325898630121356      
   2058.84016362190571669543714961037158      
   2072.20925559347653303761531291953019      
   2085.57834756504734937979347622868840      
   2098.94743953661816572197163953784662      
   2112.31653150818898206414980284700483      
   2125.68562347975979840632796615616344      
   2139.05471545133061474850612946532126      
   2152.42380742290143109068429277447947      
   2165.79289939447224743286245608363768      
   2179.16199136604306377504061939279590      
   2192.53108333761388011721878270195450      
   2205.90017530918469645939694601111232      
   2219.26926728075551280157510932027093      
   2232.63835925232632914375327262942914      
   2246.00745122389714548593143593858736      
   2259.37654319546796182810959924774557      
   2272.74563516703877817028776255690379      
   2286.11472713860959451246592586606239      
   2299.48381911018041085464408917522021      
   2312.85291108175122719682225248437882      
   2326.22200305332204353900041579353703      
   2339.59109502489285988117857910269485      
   2352.96018699646367622335674241185346      
   2366.32927896803449256553490572101167      
   2379.69837093960530890771306903016989      
   2393.06746291117612524989123233932850      
   2406.43655488274694159206939564848671      
   2419.80564685431775793424755895764492      
   2433.17473882588857427642572226680274      
   2446.54383079745939061860388557596135      
   2459.91292276903020696078204888511956      
   2473.28201474060102330296021219427778      
   2486.65110671217183964513837550343638      
   2500.02019868374265598731653881259460      
   2513.38929065531347232949470212175281      
   2526.75838262688428867167286543091102      
   2540.12747459845510501385102874006924      
   2553.49656657002592135602919204922745      
   2566.86565854159673769820735535838567      
   2580.23475051316755404038551866754388      
   2593.60384248473837038256368197670209      
   2606.97293445630918672474184528586031      
   2620.34202642788000306692000859501852      
   2633.71111839945081940909817190417713      
   2647.08021037102163575127633521333534      
   2660.44930234259245209345449852249355      
   2673.81839431416326843563266183165137      
   2687.18748628573408477781082514080959      
   2700.55657825730490111998898844996741      
   2713.92567022887571746216715175912562      
   2727.29476220044653380434531506828344      
   2740.66385417201735014652347837744165      
   2754.03294614358816648870164168659986      
   2767.40203811515898283087980499575729      
   2780.77113008672979917305796830491550      
   2794.14022205830061551523613161407372      
   2807.50931402987143185741429492323154      
   2820.87840600144224819959245823238935      
   2834.24749797301306454177062154154757      
   2847.61658994458388088394878485070539      
   2860.98568191615469722612694815986360      
   2874.35477388772551356830511146902181      
   2887.72386585929632991048327477817924      
   2901.09295783086714625266143808733745      
   2914.46204980243796259483960139649567      
   2927.83114177400877893701776470565388      
