   0.00000000000000000000000000000000000      
   3.00000011920928955078125000000000000E-0002
   6.00000023841857910156250000000000000E-0002
   9.00000035762786865234375000000000120E-0002
  0.120000004768371582031250000000000000      
  0.150000005960464477539062500000000000      
  0.180000007152557373046875000000000000      
  0.210000008344650268554687500000000000      
  0.240000009536743164062499999999999976      
  0.270000010728836059570312500000000000      
  0.300000011920928955078124999999999952      
