   773.150024414062500000000000000000000         773.150024414062500000000000000000000         773.150024414062500000000000000000000      

   773.150024414062500000000000000000000         773.150024414062500000000000000000000         450.475577555230063797925488965265666      

   773.150024414062500000000000000000000         773.150024414062500000000000000000000         429.839421785194695321389168828073572      

   773.150024414062500000000000000000000         773.150024414062500000000000000000000         428.519667682845616210320789290133149      

   773.150024414062500000000000000000000         773.150024414062500000000000000000000         423.276225864623055906721648269585190      

   773.150024414062500000000000000000000         773.150024414062500000000000000000000         422.610950955305044500547012263687953      

   773.150024414062500000000000000000000         773.150024414062500000000000000000000         419.967784115419284992099552498717090      

   773.150024414062500000000000000000000         768.108236181893243184342585765082271         419.549941022790708734626504501414624      

   773.150024414062500000000000000000000         767.785796247986440551896705762938704         417.889831808927011172020732891588447      

   773.150024414062500000000000000000000         760.202492741883350967300140980281738         417.596379266613038946829418176621552      

   772.519800885041342898042823220635296         759.636904062613419513887584398620285         416.430479248349018429924233128557022      

   772.164384128792414018008499830684937         751.087559763595898167578554044183982         416.209871260576383820405921382125188      

   770.723651047894484828938179148195260         750.379249725640362475891035114069859         415.333385901324967121080855775342043      

   769.833655485539959000453934636688222         741.656756818719457568250746702860860         415.159744065863173564685359205246584      

   767.644050221067657433392313669129134         740.837030968910460297712058904693526         414.469857321178924496192794557402333      

   766.195802688022042922792231148643052         732.318215284203434432447215482854318         414.328578620612826551713386481046428      

   763.397814121192287499066873917157660         731.382067270544980707619885724697449         413.767272052022611351414703330509720      

   761.445930998087515568969520687345807         723.234583567421497899053120545956080         413.649409606117582415355546877291455      

   758.187174134162575472725070344028166         722.169101051710054627975953769693860         413.181136860038283737307354645248988      

   755.814584209794132171916421991629448         714.456234137013361644783078597806677         413.080705568043330498290324584374121      

   752.224460743145101613581196150155141         713.252793740175049853441926685476760         412.682292956410783536796726083289053      

   749.517263341163051787155169499100469         705.986105796516748957887861358565725         412.594956288462393828174927768686151      

   745.701068283056480384476514900399958         704.643296690744349614747491671265022         412.250539174484635748380520603582891      

   742.737707436738509615798433516665478         697.809349403857051892683619929087281         412.172986042992615657370339951154889      

   738.777993166816707146479060690965875         696.332136672616308248794937065972562         411.871270135194816271247922705919083      

   735.625628852738592034922619200173748         689.906194618848624136735357027632183         411.800914095896173411654459632127753      

   731.585766255667467375311488247122463         688.304056341373196958548427532426723         411.533602008375586606474013154159031      

   728.299965492427979842906538270523990         682.257135977996686978765939725908249         411.468419479524505712271448126719089      

   724.227936594811477621835605487255580         680.542267353505413672058588648659345         411.229259201103285814703626215358910      

   720.853737304332944930275689289552818         674.844727407819072573636388475060277         411.167684407976500715387498821214889      

   716.785483260268299668038072570327219         673.030640551217000516619383903734038         410.951867403868015623161880665756063      

   713.358901627137364305434753825115477         667.653952185655969532886331164815066         410.892711068530337200182765021887039      

   709.321066206638597942156500595909854         665.754494250320025333611568574790572         410.696476161781290661298115243083186      

   705.870628578256568729868291127188530         660.672047267379456043914158472059126         410.638856446076741293893911519514183      

   701.882728712262408989443843029011542         658.700760998947193090265607380829570         410.459219969767289908427220575573409      

   698.430857150719667283587950575460064         653.888160951439178685154667937905105         410.402502403553510404111837498765454      

   694.506970267631399050771630220344689         651.857896714151921950025014226616933         410.237068846265300006387009729607359      

   691.071167745011131179782510941879729         647.292997584764917612337800842001442         410.180814529258234545413767747794594      

   687.221231981411204040472910251417827         645.215699136637574966206922526621712         410.027640292130113760160404257309044      

   683.815065669026232972534383597432734         640.878504179164915530096545135122243         409.971562093872699100052971689031343      

   680.045877555187941810573058161940495         638.765109616128492738912332225564790         409.829055382435803783762991261246070      

   676.679780006510383757270472414087174         634.637612277324824749273867324775390         409.772981679428683775399208396802523      

   672.995758594616498103617035480224998         632.498028729249107856408229840316458         409.639827646311384774005919679076937      

   669.677673308181009796486163205109173         628.564032325629776238223659542044504         409.583672885111869439345109259729573      

   666.081444985250559074052023706503088         626.407156207718468383807357954094929         409.458776828366266981274806256471224      

   662.817342913544860654367992750817563         622.652092671493855882675930375604267         409.402518049771882706637861571019267      

   659.310188826578805669427195270777266         620.485856767389924286964873187263772         409.284961776730980590564366576725736      

   656.104479772870321825617010791746407         616.896614609559331447753509766197746         409.228620192843380398830011176126252      

   652.686678019468188151060595234360162         614.728049781662518575281313311330999         409.117628143670671233416674775973496      

   649.542537388770644815531012752614086         611.292815816496652246823088011909460         409.061254897075761261029657652768240      

   646.213624558705542686062866365293492         609.128119517989728983438764643529893         408.956167604675400961315570265892646      

   643.133252444012385053824529318575156         605.836235849329392083705085621203599         408.899832923258372853512784788576907      

   639.892223304824714798855207249346221         603.680842509441053846063584431334077         408.800086053209298567979636905209553      

   636.877049744329073213511855568740189         600.522678676515313805918436432270543         408.743871118907107493350010968933256      

   633.722509450241519884918600946871835         598.381328928179989486944011318143975         408.648978796269087335087129120922123      

   630.773356997862338930116275405554494         595.348168315149201345892250321911375         408.592969754103923818700225992879201      

   627.703636840575209481568260784154409         593.224975268416007150284969540026398         408.502511212120724340935425192461507      

   624.820849353961082906095444391263518         590.308914538208494803375433653600492         408.446794847269181494208691565946342      

   621.834094511929003995803849452253574         588.207426100516120147988671243091955         408.360403669640107766940247297722468      

   619.017639236425143159539235516242495         585.401286314706550476784742924219527         408.305064370275898819895097451768697      

   616.111875022208000064831541142040193         583.324543071180234113855477797370746         408.222419771930510222787365473134793      

   613.361423577889961131208491052996167         580.621791186836827079553647131614770         408.167537472522140100564101185854237      

   610.534605184834156512675704523515309         578.572379679107711389585864317361329         408.088357192361913707027203824448299      

   607.849597887483588078070089870172069         575.967059204663550551786136515710346         408.034006056222320998144592955710530      

   605.099647487277230538916041706671002         573.947160650102764426700112619198019         407.958040531709573921220777450171138      

   602.479344499164603668106835762652313         571.433830358624730923697406851280168         407.904288184023943311964769023020067      

   599.804178657868412412725944565353918         569.445264975587929017376129873936013         407.831315750517581722101612653766099      

   597.247700723869699776389399028068955         567.018944695447784706656906218547975         407.778222915342411899098218173024154      

   594.645250423301572001506493182789931         565.063211871759790504374244197323792         407.708045828830096065780646486450386      

   592.151611363300575464529219269002242         562.719334491447918846940599782636627         407.655666257254415135102696746105176      

   589.619836389748334349301294624705976         560.797649071024324349137216174990552         407.588107381991896379855140355971161      

   587.187969057581732219773725823670805         558.532018001948917744343865768904492         407.536487985277666455489701653037152      

   584.724868114683451207338932788392701         556.645342980066790549329297878230435         407.471388020995720374556635157255641      

   582.353645171292090463535819499817325         554.454094416936538505598063186443642         407.420569143395645315949620253747667      

   579.957262761033669026008643637259187         552.603170336109007932935034307337271         407.357784292507820655445315240556798      

   577.645513324335797162521027204767973         550.482739738803540551343467020401130         407.307800074727652034231760286558778      

   575.313944198390289099522615881841943         548.668111069717544576633517616805543         407.247200070102695579940646190403870      

   573.060467208247460494387620377064644         546.615203364106558373301744984940631         407.198078866974940947367766359098868      

   570.791859005127342720557923106407439         544.837242143139942800218682653498800         407.139545296627670343359432312900833      

   568.595433965603308542111634458606553         542.848805202164916038285616476425478         407.091310122266035588114518932374239      

   566.387988504847712866199044358491408         541.107732180940384900477219529166912         407.034734999754009102430228481833687      

   564.247384127477085714112934351935450         539.180933202565688093585301236658585         406.987403980886179777308920082285861      

   562.099357720732600227177737107440745         537.476836747381264924454406507620965         406.932688520026542082987554200314988      

   560.013338883616426974930107626022536         535.609041193866691023950328955334876         406.886275343855450358549910954995071      

   557.923041936560588898487968227322045         533.941894154698625373972732886122625         406.833328904171277321006613044211223      

   555.890375288419591023868621601694818         532.130646959063172549637320332965923         406.787843251387411092812774470413354      

   553.856171401271372967305822580672424         530.500321709845403033417100401577903         406.736582426898065382629355530349423      

   551.875629872112736555022817673533693         528.743330491287572899979725844774215         406.692030383669751834079318655720089      

   549.895934595522502451885407468512033         527.149612325766783610841149100256599         406.642378212597237917922292460220884      

   547.966301022389373261718022298635974         525.444732386966599661580143129739521         406.598762657747183051878713490130889      

   546.039580386352792399921328404979081         523.887331437881733850463825888691620         406.550647934685719321456150447941888      

   544.159650420651617975689143055775660         522.232552344210051696345656704852494         406.507968900011945281444784609604335      

   542.284419324074358487788000834265289         520.711114178003504294279681968515189         406.461325575307646934379435897939402      

   540.453003753804105913056384130484554         519.104547742281437878975236217569934         406.419580578274530163322679474968562      

   538.627824279384036415504256688509514         517.618662767091167490595627956241032         406.374347231947617192692140464319629      

   536.843750873335214390091780551278284         516.058532284166376117647092630877176         406.333531580873809924452140047617744      

   535.067230574919291898537875130779620         514.607744095495570580083561312163279         406.289650960513481584059849657814242      

   533.329345535090644528701249249495318         513.092374688948257516032951227322392         406.249758033007721050497442789086293      

   531.600135731358863429563976200087343         511.676187465147827764025536516199512         406.207176646778947733003117984690624      

   529.907304823296788814325823497464263         510.203997424260144781897552495610756         406.168198142591257432833888888374757      

   528.224098921560027745361362596004175         508.821882472751618422434224647283281         406.126865899891259828577317588168744      

   526.575208339152028821651288086248271         507.391375471769249540193165420149129         406.088792069608981289781180350146934      

   524.936740205476447779452791465894553         506.042777016729266633676699297011451         406.048661963060628744334832702866508      

   523.330697216213187135186147532481288         504.652535120668215057222959813691372         406.011481814226816216162257665815770      

   521.735739602421970047137204165925534         503.336875413629900106400235365890481         405.972509637645225555190880952465298      

   520.171473010724180947939664328093005         501.985552785652476250384934133189354         405.936211119942270143386655266615471      

   518.618836044629953987793035782160542         500.702236612088328340697725225170103         405.898355217698073341492491047087098      

   517.095296504078058725274228955122386         499.388553846976207539176286778056571         405.862925388845610353123825758112797      

   515.583826246220043269339291094278446         498.136972494345427141046642341781373         405.826146432704315129299197322730037      

   514.099986446081347791419846205076592         496.859711510994212838124565322497708         405.791571606685355302634330209705584      

   512.628563514012964132117325877544342         495.639246256898995235179789354619756         405.755832396751352200623171815260605      

   511.183418261062828945732004947248358         494.397245690185567651114682037668953         405.722098275917568372666776666825456      

   509.750956520652004669762755302073958         493.207270863122453080648191655023493         405.687363562773142800849791110263104      

   508.343522733718170695630188059295560         491.999421902072314119808251515580544         405.654455355299330186030908463341431      

   506.948968055825430020869306316987334         490.839307561725874286928699751999706         405.620691680819150086838340876750274      

   505.578284687580606409610426732260120         489.664550186735617824494071481612170         405.588594204885438928231575725568605      

   504.220613767747286143262124456659356         488.533664465785849374504261133935637         405.555769759537979603807020925248620      

   502.885741665901501809693699773836309         487.390984042825164859538956017215912         405.524467535521797068672484071594527      

   501.563960904218770403338367708916870         486.288695187774085759493377282084813         405.492552030251179850741673918731818      

   500.263982622314956510421300826036149         485.177119382080170908760523781952533         405.462029362113101055616607003709607      

   498.977127060382321338110491297898941         484.102797526598360247232264010692764         405.430993913136080388308344870309977      

   497.711146626793053343785272258613514         483.021393502451218365897932946659840         405.401234960087296780068990759929809      

   496.458278938558339140740284647745800         481.974412203156405728063363326498576         405.371051985147314223116693970658741      

   495.225421590952701105903000042278848         480.922284079945683134748247983555527         405.342040824593338966915155530479600      

   494.005631124212790751085724931018108         479.902021641311780223307981238631729         405.312683949392129879647799236813575      

   492.805043015657504251909747321492593         478.878308179326684012892854383153303         405.284404632058767862794933742064022      

   491.617444881059270255103392118914948         477.884148791545281635114657731597629         405.255848605740432171832565485046922      

   490.448292762995760937534351758655473         476.888021283784498104640439197546553         405.228285203804703136820351957929415      

   489.292026967486163066441760321492818         475.919355994827664004108747707157157         405.200505822501121400734140634844093      

   488.153497854051713424489464241659462         474.950016343676369269020556188284298         405.173642471472125663911238793820243      

   487.027728475867530391353873211437494         474.006243884508602775345065815082898         405.146616509035164959143526230008827      

   485.919029293377309525130042149756527         473.062922844400135202117485952301330         405.120437444057957085519039820382952      

   484.822943695825501938808344173925121         472.143450324230544029107316052941992         405.094142589205602333843635459870041      

   483.743300920681539779968092237296506         471.225405893432439870190310055636172         405.068632176394945372870079965947558      

   482.676109002131374069011648680928920         470.329649380060304811575412684836617         405.043046975587426495568677699698759      

   481.624768289957087185777241943989834         469.436165326525885755583055940048519         405.018189738937671132016961179826520      

   480.585701767638093138672222539751804         468.563550325190967276356708076302012         404.993293544377609480542855804561268      

   479.561927576038706505045202742359281         467.693934833023019850250029037786207         404.969074188739630236956829251666909      

   478.550239301409499643084439390562885         466.843896675705710788795147692372256         404.944847110958694247723026036486191      

   477.553314508418212341275381758529847         465.997481100209717255646578938121206         404.921250541524519323050863239603057      

   476.568277812036895160330513861474768         465.169465256017004281380233568442790         404.897673406079324498637558173407657      

   475.597503332014580144016786347728485         464.345602976597111517708011401643740         404.874684744769489312370277855792803      

   474.638411395999675766470049752050540         463.539065292701700923011070424063293         404.851739052622576703905875922622739      

   473.693105794504641595374633013260478         462.737130653990214031375571650364175         404.829343651729974251189867981792950      

   472.759271050824975102633744514394892         461.951537535547232915943351971963184         404.807011542938572200671561678027265      

   471.838770159752561493571816347829285         461.170924868173043814422519140641660         404.785194996345326260782989510794276      

   470.929523712724464852602897760750100         460.405753404708111052829334246933589         404.763459216722028390695131574056151      

   470.033180246828795399751057986485723         459.645876118014575751677643827324759         404.742207368972346786555210416025157      

   469.147871318329190416283315722719452         458.900614162946799939076548371323562         404.721051239418501119273074710076682      

   468.275054494076948683045491415375524         458.160903902777121114522332390497842         404.700350192900257351526730481145209      

   467.413049890101292093655226799152367         457.435050112000024931291954534568030         404.679757581145340378275913662153592      

   466.563145047666321578699513188339459         456.714955977388812565993802805824921         404.659593701605981722164931371424399      

   465.723828644971328390111975115636191         456.008019812171727376666467862124400         404.639548996115032298011388419012645      

   464.896236874056166589110335118914783         455.307007625424558796912123087523753         404.619908916713038457729846638926924      

   464.079009125729058863022941319461188         454.618509324308111128486614556489902         404.600397002549788193631156160184147      

   463.273146895792662599385949812499012         453.936060949525010080512506537412532         404.581267626621044347512494192126267      

   462.477424354681909757179669062056221         453.265531473359269551952744131321232         404.562273863077085676069245913988643      

   461.692723150059667711465768591906224         452.601144178970564779563040788747962         404.543642365775944784302197740406668      

   460.917938009087332169463538417595394         451.948125132776389645266386822513127         404.525152565596458591949435458811914      

   460.153843969408169914811287888408905         451.301310994117068407399114916860755         404.507006394553727475053716140682640      

   459.399443617861613175649572177607391         450.665354529034046367075040106416025         404.489006804608240980914770988543407      

   458.655417184096023729705786083622889         450.035639867391429504479700895651075         404.471333679732629231333260855702604      

   457.920863779067430764251157509171622         449.416308565604095816989556346978283         404.453810962995247617600155460121705      

   457.196379345478281395906655287498347         448.803233420538721745561933350311850         404.436598875530782272398633238875400      

   456.481149397684781801925645749838507         448.200100165741555434410786704668636         404.419540094248559351215713134394509      

   455.775694969898614730508450373394223         447.603217797807287318050641053933887         404.402777305187922811268821676086815      

   455.079278943174253309923957819468059         447.015865633473972944200309875784079         404.386169905128704728948160386087555      

   454.392355802543530724276846715784907         446.434742054754739504036611300960323         404.369844943071245864826485251154050      

   453.714257726347476090543176102693947         445.862764032214437186057168902757206         404.353676738753612036379750210818884      

   453.045380100732968361694555416278911         445.296977562355429509742030649944845         404.337778397286772620777498520883697      

   452.385117195066623323588836332633375         444.739976580444837751047931725960082         404.322037558104763847261936550236551      

   451.733811936133165979580944974464050         444.189117426088751715375594690545290         404.306554892778729715621972848160945      

   451.090914248302702295090825057756930         443.646706063940467587868549976410954         404.291229929943030970920769749231214      

   450.456720515390210940768271940276328         443.110375919687481527182167460802332         404.276152254900447288190430377034284      

   449.830730568090904834903879713526784         442.582176264029785879477693781445379         404.261232009125702503542863798589868      

   449.213199518695278549433291441733334         442.059987933226050709463746547101250         404.246548893441184109964558697410729      

   448.603671968930250515470322517695803         441.545631401404295383024393403430992         404.232022523316269201760057926667597      

   448.002366455805124663023533738204381         441.037208435230156866713207731768942         404.217723787094099359711570158710475      

   447.408867764184034109250735016121069         440.536335595013195725293606409612391         404.203580758078562396717198759996730      

   446.823362039053834994581393237879648         440.041311948491277149898202597694053         404.189656468351324777266640851528030      

   446.245470149047063577377273376195966         439.553572335595890159842455181789765         404.175886542346902554463088287826905      

   445.675349572904094487984692231224204         439.071592039272421309205690957847648         404.162327008812758794200477017240346      

   445.112653599655259302095583973686842         438.596643973422670403087504086088743         404.148920234263971741985459946785837      

   444.557514359598280217848285828154785         438.127360819594734819958587394370481         404.135716004895814755643369356522049      

   444.009614287922810612624559741748750         437.664871219830090890632374833003321         404.122662707378193315128449272006662      

   443.469063120481471802860412799002018         437.207948462298276101004459224352967         404.109804563933915988857298420941572      

   442.935569511701698033006273966152321         436.757592662152766539355336149634931         404.097095337192480215907176920395759      

   442.409223432579994952684320268983972         436.312702728574377521402313771992275         404.084574290652047502969044746047082      

   441.889757139867947030113302920737028         435.874164291667672671503333247387402         404.072199988056300097594890713806315      

   441.377243180030354554692444367795814         435.440988507671399571599474688502658         404.060007274008152797156014179763342      

   440.871435071948448613492622832142489         435.013959044180568657150012497268809         404.047959000393100586497196222741593      

   440.372390019964367289266287390800442         434.592187368480349191184325179981415         404.036086074389609079851309515379864      

   439.879880711911538578492833901559821         434.176366352896976381077771081724240         404.024355178255240684089637050527673      

   439.393950862466967939336734354320940         433.765697122711710461371041439732450         404.012793711154428962206652756135219      

   438.914390455753750996654538851587996         433.360791713232281948142803606635521         404.001371777198683867087133319836765      

   438.441231364233539193318753750475033         432.960931399379887542573854606607400         403.990113650507224637887510802720123      

   437.974279192524237910240934686707966         432.566656259227048848838324164136152         403.978992492469824069195192527168683      

   437.513555435563704920715877312972421         432.177319230316849410172617070353892         403.968029793700334493857379417776667      

   437.058879818437264959135293606856715         431.793396351244582223922425342629955         403.957201447496936632389010496180394      

   436.610264760338336307250259144593128         431.414304646441861383898287679626750         403.946526465550854427044004132768849      

   436.167542763731943694374868845397599         431.040463174638211014990899936109001         403.935983182678871719568273657987287      

   435.730718328636054658910955461966982         430.671346284519561226251867325864981         403.925588403264638963410960020942280      

   435.299635531946939811223915720561506         430.307322349085697362963428242218739         403.915322644463736838855153823825463      

   434.874291981654780650144439477603187         429.947917004144062681313407694166370         403.905200745558642412879804717781185      

   434.454542251286298551601791582069590         429.593453548297676384201784972188513         403.895205174710447340066333907779532      

   434.040377968612884294840554595043543         429.243503514692224771804754990833339         403.885349022073259341153486121773887      

   433.631663237760751677117294115626983         428.898350129816106684358389019583449         403.875616500326158352472859236530341      

   433.228384515313240215053923529100104         428.557606011994691739079804184531340         403.866019143066597998786369603356719      

   432.830414569796913505706133871837255         428.221518774627401820731522950656260         403.856542723172728038425028081303540      

   432.437735404061996236285165563463262         427.889737824478769412003294342024326         403.847197389382881253731941140930000      

   432.050227674014636311498884799579176         427.562479136323241778577818407820346         403.837970310235499691216126156909169      

   431.667869564642127313270198816373601         427.239425068542644422521044587261688         403.828870402687418118429641476250825      

   431.290548921880478459349307905296503         426.920763499550055294280074570567962         403.819886084047828611273553781678399      

   430.918240676049878569694620061865192         426.606206312925860389461283328402259         403.811025175960826115782570490040028      

   430.550839236952743153178319704941883         426.295916447495840237026450691799335         403.802277213364918406286905845719660      

   430.188316778710007965802815716562445         425.989632251846329041391593504891353         403.793649044245411353372520169861392      

   429.830573712440873286961400619069273         425.687494538170369973565410844276562         403.785131204080669979873370547304138      

   429.477579896893327761863124541173059         425.389265386679464858801065201849372         403.776729675636830042922589285986019      

   429.129241238809140658860859803662273         425.095065989241936642861494529052010         403.768435890381384646328574565787638      

   428.785525671067421296187493450568596         424.804679715960281169322969277231148         403.760255062514363002902585245231576      

