   0.00000000000000000000000000000000000      
   13.3690919715708163421781633091582505      
   26.7381839431416326843563266183165009      
   40.1072759147124490265344899274747575      
   53.4763678862832653687126532366330018      
   66.8454598578540817108908165457912523      
   80.2145518294248980530689798549495151      
   93.5836438009957143952471431641077409      
   106.952735772566530737425306473266004      
   120.321827744137347079603469782424254      
   133.690919715708163421781633091582529      
   147.060011687278979763959796400740792      
   160.429103658849796106137959709899055      
   173.798195630420612448316123019057293      
   187.167287601991428790494286328215580      
   200.536379573562245132672449637373818      
   213.905471545133061474850612946532106      
   227.274563516703877817028776255690344      
   240.643655488274694159206939564848607      
   254.012747459845510501385102874006845      
   267.381839431416326843563266183165108      
   280.750931402987143185741429492323420      
   294.120023374557959527919592801481633      
   307.489115346128775870097756110639945      
   320.858207317699592212275919419798159      
   334.227299289270408554454082728956422      
   347.596391260841224896632246038114734      
   360.965483232412041238810409347272947      
   374.334575203982857580988572656431210      
   387.703667175553673923166735965589473      
   401.072759147124490265344899274747686      
   414.441851118695306607523062583905949      
   427.810943090266122949701225893064261      
   441.180035061836939291879389202222475      
   454.549127033407755634057552511380836      
   467.918219004978571976235715820538951      
   481.287310976549388318413879129697312      
   494.656402948120204660592042438855575      
   508.025494919691021002770205748013838      
   521.394586891261837344948369057172101      
   534.763678862832653687126532366330314      
   548.132770834403470029304695675488626      
   561.501862805974286371482858984646840      
   574.870954777545102713661022293805053      
   588.240046749115919055839185602963365      
   601.609138720686735398017348912121677      
   614.978230692257551740195512221279891      
   628.347322663828368082373675530438203      
   641.716414635399184424551838839596416      
   655.085506606970000766730002148754630      
   668.454598578540817108908165457912843      
   681.823690550111633451086328767071155      
   695.192782521682449793264492076229467      
   708.561874493253266135442655385387681      
   721.930966464824082477620818694545894      
   735.300058436394898819798982003704206      
   748.669150407965715161977145312862420      
   762.038242379536531504155308622020633      
   775.407334351107347846333471931178945      
   788.776426322678164188511635240337159      
   802.145518294248980530689798549495372      
   815.514610265819796872867961858653685      
   828.883702237390613215046125167811898      
   842.252794208961429557224288476970309      
   855.621886180532245899402451786128522      
   868.990978152103062241580615095286637      
   882.360070123673878583758778404444949      
   895.729162095244694925936941713603360      
   909.098254066815511268115105022761672      
   922.467346038386327610293268331919885      
   935.836438009957143952471431641077902      
   949.205529981527960294649594950236115      
   962.574621953098776636827758259394624      
   975.943713924669592979005921568552937      
   989.312805896240409321184084877711150      
   1002.68189786781122566336224818686936      
   1016.05098983938204200554041149602768      
   1029.42008181095285834771857480518579      
   1042.78917378252367468989673811434420      
   1056.15826575409449103207490142350241      
   1069.52735772566530737425306473266063      
   1082.89644969723612371643122804181884      
   1096.26554166880694005860939135097725      
   1109.63463364037775640078755466013547      
   1123.00372561194857274296571796929368      
   1136.37281758351938908514388127845189      
   1149.74190955509020542732204458761011      
   1163.11100152666102176950020789676852      
   1176.48009349823183811167837120592673      
   1189.84918546980265445385653451508494      
   1203.21827744137347079603469782424335      
   1216.58736941294428713821286113340137      
   1229.95646138451510348039102444255978      
   1243.32555335608591982256918775171819      
   1256.69464532765673616474735106087641      
   1270.06373729922755250692551437003462      
   1283.43282927079836884910367767919283      
   1296.80192124236918519128184098835105      
   1310.17101321394000153346000429750926      
   1323.54010518551081787563816760666767      
   1336.90919715708163421781633091582569      
   1350.27828912865245055999449422498390      
   1363.64738110022326690217265753414231      
   1377.01647307179408324435082084330052      
   1390.38556504336489958652898415245893      
   1403.75465701493571592870714746161715      
   1417.12374898650653227088531077077536      
   1430.49284095807734861306347407993358      
   1443.86193292964816495524163738909179      
   1457.23102490121898129741980069825000      
   1470.60011687278979763959796400740841      
   1483.96920884436061398177612731656663      
   1497.33830081593143032395429062572484      
   1510.70739278750224666613245393488305      
   1524.07648475907306300831061724404127      
   1537.44557673064387935048878055319968      
   1550.81466870221469569266694386235789      
   1564.18376067378551203484510717151610      
   1577.55285264535632837702327048067432      
   1590.92194461692714471920143378983253      
   1604.29103658849796106137959709899074      
   1617.66012856006877740355776040814916      
   1631.02922053163959374573592371730737      
   1644.39831250321041008791408702646558      
   1657.76740447478122643009225033562380      
   1671.13649644635204277227041364478201      
   1684.50558841792285911444857695394062      
   1697.87468038949367545662674026309883      
   1711.24377236106449179880490357225704      
   1724.61286433263530814098306688141506      
   1737.98195630420612448316123019057327      
   1751.35104827577694082533939349973149      
   1764.72014024734775716751755680888990      
   1778.08923221891857350969572011804811      
   1791.45832419048938985187388342720672      
   1804.82741616206020619405204673636454      
   1818.19650813363102253623021004552334      
   1831.56560010520183887840837335468116      
   1844.93469207677265522058653666383977      
   1858.30378404834347156276469997299798      
   1871.67287601991428790494286328215580      
   1885.04196799148510424712102659131461      
   1898.41105996305592058929918990047223      
   1911.78015193462673693147735320963104      
   1925.14924390619755327365551651878925      
   1938.51833587776836961583367982794746      
   1951.88742784933918595801184313710587      
   1965.25651982091000230019000644626349      
   1978.62561179248081864236816975542230      
   1991.99470376405163498454633306458051      
   2005.36379573562245132672449637373873      
   2018.73288770719326766890265968289694      
   2032.10197967876408401108082299205535      
   2045.47107165033490035325898630121356      
   2058.84016362190571669543714961037158      
   2072.20925559347653303761531291953019      
   2085.57834756504734937979347622868840      
   2098.94743953661816572197163953784662      
   2112.31653150818898206414980284700483      
   2125.68562347975979840632796615616344      
   2139.05471545133061474850612946532126      
   2152.42380742290143109068429277447947      
   2165.79289939447224743286245608363768      
   2179.16199136604306377504061939279590      
   2192.53108333761388011721878270195450      
   2205.90017530918469645939694601111232      
   2219.26926728075551280157510932027093      
   2232.63835925232632914375327262942914      
   2246.00745122389714548593143593858736      
   2259.37654319546796182810959924774557      
   2272.74563516703877817028776255690379      
   2286.11472713860959451246592586606239      
   2299.48381911018041085464408917522021      
   2312.85291108175122719682225248437882      
   2326.22200305332204353900041579353703      
   2339.59109502489285988117857910269485      
   2352.96018699646367622335674241185346      
   2366.32927896803449256553490572101167      
   2379.69837093960530890771306903016989      
   2393.06746291117612524989123233932850      
   2406.43655488274694159206939564848671      
   2419.80564685431775793424755895764492      
   2433.17473882588857427642572226680274      
   2446.54383079745939061860388557596135      
   2459.91292276903020696078204888511956      
   2473.28201474060102330296021219427778      
   2486.65110671217183964513837550343638      
   2500.02019868374265598731653881259460      
   2513.38929065531347232949470212175281      
   2526.75838262688428867167286543091102      
   2540.12747459845510501385102874006924      
   2553.49656657002592135602919204922745      
   2566.86565854159673769820735535838567      
   2580.23475051316755404038551866754388      
   2593.60384248473837038256368197670209      
   2606.97293445630918672474184528586031      
   2620.34202642788000306692000859501852      
   2633.71111839945081940909817190417713      
   2647.08021037102163575127633521333534      
   2660.44930234259245209345449852249355      
   2673.81839431416326843563266183165137      
   2687.18748628573408477781082514080959      
   2700.55657825730490111998898844996741      
   2713.92567022887571746216715175912562      
   2727.29476220044653380434531506828344      
   2740.66385417201735014652347837744165      
   2754.03294614358816648870164168659986      
   2767.40203811515898283087980499575729      
   2780.77113008672979917305796830491550      
   2794.14022205830061551523613161407372      
   2807.50931402987143185741429492323154      
   2820.87840600144224819959245823238935      
   2834.24749797301306454177062154154757      
   2847.61658994458388088394878485070539      
   2860.98568191615469722612694815986360      
   2874.35477388772551356830511146902181      
   2887.72386585929632991048327477817924      
   2901.09295783086714625266143808733745      
   2914.46204980243796259483960139649567      
   2927.83114177400877893701776470565388      
   2941.20023374557959527919592801481170      
   2954.56932571715041162137409132396952      
   2967.93841768872122796355225463312773      
   2981.30750966029204430573041794228555      
   2994.67660163186286064790858125144376      
   3008.04569360343367699008674456060158      
   3021.41478557500449333226490786975940      
   3034.78387754657530967444307117891722      
   3048.15296951814612601662123448807543      
   3061.52206148971694235879939779723365      
   3074.89115346128775870097756110639147      
   3088.26024543285857504315572441554968      
   3101.62933740442939138533388772470750      
   3114.99842937600020772751205103386571      
   3128.36752134757102406969021434302353      
   3141.73661331914184041186837765218174      
   3155.10570529071265675404654096133956      
   3168.47479726228347309622470427049738      
   3181.84388923385428943840286757965560      
   3195.21298120542510578058103088881342      
   3208.58207317699592212275919419797163      
   3221.95116514856673846493735750712945      
   3235.32025712013755480711552081628766      
   3248.68934909170837114929368412544548      
   3262.05844106327918749147184743460369      
   3275.42753303485000383365001074376151      
   3288.79662500642082017582817405291933      
   3302.16571697799163651800633736207755      
   3315.53480894956245286018450067123536      
   3328.90390092113326920236266398039358      
   3342.27299289270408554454082728955140      
   3355.64208486427490188671899059870961      
   3369.01117683584571822889715390786782      
   3382.38026880741653457107531721702564      
   3395.74936077898735091325348052618386      
   3409.11845275055816725543164383534128      
   3422.48754472212898359760980714449949      
   3435.85663669369979993978797045365771      
   3449.22572866527061628196613376281513      
   3462.59482063684143262414429707197335      
   3475.96391260841224896632246038113156      
   3489.33300457998306530850062369028938      
   3502.70209655155388165067878699944759      
   3516.07118852312469799285695030860581      
   3529.44028049469551433503511361776323      
   3542.80937246626633067721327692692144      
   3556.17846443783714701939144023607966      
   3569.54755640940796336156960354523787      
   3582.91664838097877970374776685439569      
   3596.28574035254959604592593016355390      
   3609.65483232412041238810409347271133      
   3623.02392429569122873028225678186954      
   3636.39301626726204507246042009102736      
   3649.76210823883286141463858340018557      
   3663.13120021040367775681674670934379      
   3676.50029218197449409899491001850200      
   3689.86938415354531044117307332765982      
   3703.23847612511612678335123663681724      
   3716.60756809668694312552939994597546      
   3729.97666006825775946770756325513367      
   3743.34575203982857580988572656429189      
   3756.71484401139939215206388987344970      
   3770.08393598297020849424205318260713      
   3783.45302795454102483642021649176534      
   3796.82211992611184117859837980092356      
   3810.19121189768265752077654311008177      
   3823.56030386925347386295470641923959      
   3836.92939584082429020513286972839780      
   3850.29848781239510654731103303755523      
   3863.66757978396592288948919634671344      
   3877.03667175553673923166735965587165      
   3890.40576372710755557384552296502947      
   3903.77485569867837191602368627418769      
   3917.14394767024918825820184958334590      
   3930.51303964182000460038001289250411      
   3943.88213161339082094255817620166114      
   3957.25122358496163728473633951081936      
   3970.62031555653245362691450281997757      
   3983.98940752810326996909266612913578      
   3997.35849949967408631127082943829400      
   4010.72759147124490265344899274745182      
   4024.09668344281571899562715605660924      
   4037.46577541438653533780531936576745      
   4050.83486738595735167998348267492567      
   4064.20395935752816802216164598408349      
   4077.57305132909898436433980929324170      
   4090.94214330066980070651797260239991      
   4104.31123527224061704869613591155852      
   4117.68032724381143339087429922071555      
   4131.04941921538224973305246252987337      
   4144.41851118695306607523062583903198      
   4157.78760315852388241740878914818980      
   4171.15669513009469875958695245734841      
   4184.52578710166551510176511576650622      
   4197.89487907323633144394327907566325      
   4211.26397104480714778612144238482107      
   4224.63306301637796412829960569397968      
   4238.00215498794878047047776900313829      
   4251.37124695951959681265593231229611      
   4264.74033893109041315483409562145393      
   4278.10943090266122949701225893061096      
   4291.47852287423204583919042223976957      
   4304.84761484580286218136858554892817      
   4318.21670681737367852354674885808599      
   4331.58579878894449486572491216724381      
   4344.95489076051531120790307547640242      
   4358.32398273208612755008123878556024      
   4371.69307470365694389225940209471727      
   4385.06216667522776023443756540387588      
   4398.43125864679857657661572871303370      
   4411.80035061836939291879389202219230      
   4425.16944258994020926097205533135012      
   4438.53853456151102560315021864050794      
   4451.90762653308184194532838194966497      
   4465.27671850465265828750654525882358      
   4478.64581047622347462968470856798219      
   4492.01490244779429097186287187713922      
   4505.38399441936510731404103518629783      
   4518.75308639093592365621919849545565      
   4532.12217836250673999839736180461425      
   4545.49127033407755634057552511377207      
   4558.86036230564837268275368842292989      
   4572.22945427721918902493185173208771      
   4585.59854624879000536711001504124632      
   4598.96763822036082170928817835040414      
   4612.33673019193163805146634165956274      
   4625.70582216350245439364450496871978      
   4639.07491413507327073582266827787759      
   4652.44400610664408707800083158703620      
   4665.81309807821490342017899489619402      
   4679.18219004978571976235715820535184      
   4692.55128202135653610453532151450966      
   4705.92037399292735244671348482366748      
   4719.28946596449816878889164813282609      
   4732.65855793606898513106981144198391      
   4746.02764990763980147324797475114172      
   4759.39674187921061781542613806029954      
   4772.76583385078143415760430136945815      
   4786.13492582235225049978246467861676      
   4799.50401779392306684196062798777300      
   4812.87310976549388318413879129693082      
   4826.24220173706469952631695460608943      
   4839.61129370863551586849511791524804      
   4852.98038568020633221067328122440585      
   4866.34947765177714855285144453356446      
   4879.71856962334796489502960784272149      
   4893.08766159491878123720777115188010      
   4906.45675356648959757938593446103792      
   4919.82584553806041392156409777019653      
   4933.19493750963123026374226107935356      
   4946.56402948120204660592042438851217      
   4959.93312145277286294809858769766998      
   4973.30221342434367929027675100682780      
   4986.67130539591449563245491431598562      
   5000.04039736748531197463307762514423      
   5013.40948933905612831681124093430205      
   5026.77858131062694465898940424346066      
   5040.14767328219776100116756755261848      
   5053.51676525376857734334573086177472      
   5066.88585722533939368552389417093333      
   5080.25494919691021002770205748009193      
   5093.62404116848102636988022078924975      
   5106.99313314005184271205838409840757      
   5120.36222511162265905423654740756539      
   5133.73131708319347539641471071672400      
   5147.10040905476429173859287402588182      
   5160.46950102633510808077103733504043      
   5173.83859299790592442294920064419746      
   5187.20768496947674076512736395335606      
   5200.57677694104755710730552726251388      
   5213.94586891261837344948369057167249      
   5227.31496088418918979166185388082952      
   5240.68405285576000613384001718998813      
   5254.05314482733082247601818049914595      
   5267.42223679890163881819634380830456      
   5280.79132877047245516037450711746237      
   5294.16042074204327150255267042662019      
   5307.52951271361408784473083373577722      
   5320.89860468518490418690899704493583      
   5334.26769665675572052908716035409365      
   5347.63678862832653687126532366325226      
   5361.00588059989735321344348697241008      
   5374.37497257146816955562165028156790      
   5387.74406454303898589779981359072572      
   5401.11315651460980223997797689988432      
   5414.48224848618061858215614020904214      
   5427.85134045775143492433430351820075      
   5441.22043242932225126651246682735857      
   5454.58952440089306760869063013651639      
   5467.95861637246388395086879344567421      
   5481.32770834403470029304695675483203      
   5494.69680031560551663522512006398985      
   5508.06589228717633297740328337314845      
   5521.43498425874714931958144668230627      
   5534.80407623031796566175960999146488      
   5548.17316820188878200393777330062191      
   5561.54226017345959834611593660978052      
   5574.91135214503041468829409991893834      
   5588.28044411660123103047226322809695      
   5601.64953608817204737265042653725398      
   5615.01862805974286371482858984641258      
   5628.38772003131368005700675315556961      
   5641.75681200288449639918491646472822      
   5655.12590397445531274136307977388604      
   5668.49499594602612908354124308304465      
   5681.86408791759694542571940639220247      
   5695.23317988916776176789756970136108      
   5708.60227186073857811007573301051811      
   5721.97136383230939445225389631967593      
   5735.34045580388021079443205962883374      
   5748.70954777545102713661022293799235      
   5762.07863974702184347878838624715017      
   5775.44773171859265982096654955630878      
   5788.81682369016347616314471286546660      
   5802.18591566173429250532287617462442      
   5815.55500763330510884750103948378224      
   5828.92409960487592518967920279294084      
   5842.29319157644674153185736610209866      
   5855.66228354801755787403552941125648      
   5869.03137551958837421621369272041430      
   5882.40046749115919055839185602957212      
   5895.76955946273000690057001933872994      
   5909.13865143430082324274818264788855      
   5922.50774340587163958492634595704637      
   5935.87683537744245592710450926620497      
   5949.24592734901327226928267257536279      
   5962.61501932058408861146083588452140      
   5975.98411129215490495363899919367764      
   5989.35320326372572129581716250283625      
   6002.72229523529653763799532581199407      
   6016.09138720686735398017348912115268      
   6029.46047917843817032235165243031050      
   6042.82957115000898666452981573946832      
   6056.19866312157980300670797904862613      
   6069.56775509315061934888614235778474      
   6082.93684706472143569106430566694256      
   6096.30593903629225203324246897610038      
   6109.67503100786306837542063228525820      
   6123.04412297943388471759879559441681      
   6136.41321495100470105977695890357463      
   6149.78230692257551740195512221273245      
   6163.15139889414633374413328552189026      
   6176.52049086571715008631144883104887      
   6189.88958283728796642848961214020669      
   6203.25867480885878277066777544936530      
   6216.62776678042959911284593875852233      
   6229.99685875200041545502410206768015      
   6243.36595072357123179720226537683797      
   6256.73504269514204813938042868599658      
   6270.10413466671286448155859199515439      
   6283.47322663828368082373675530431221      
   6296.84231860985449716591491861347003      
   6310.21141058142531350809308192262864      
   6323.58050255299612985027124523178646      
   6336.94959452456694619244940854094428      
   6350.31868649613776253462757185010210      
   6363.68777846770857887680573515926071      
   6377.05687043927939521898389846841852      
   6390.42596241085021156116206177757713      
   6403.79505438242102790334022508673416      
   6417.16414635399184424551838839589277      
   6430.53323832556266058769655170505059      
   6443.90233029713347692987471501420920      
   6457.27142226870429327205287832336781      
   6470.64051424027510961423104163252484      
   6484.00960621184592595640920494168187      
   6497.37869818341674229858736825084047      
   6510.74779015498755864076553155999829      
   6524.11688212655837498294369486915611      
   6537.48597409812919132512185817831393      
   6550.85506606970000766730002148747254      
   6564.22415804127082400947818479663036      
   6577.59325001284164035165634810578897      
   6590.96234198441245669383451141494600      
   6604.33143395598327303601267472410460      
   6617.70052592755408937819083803326242      
   6631.06961789912490572036900134242103      
   6644.43870987069572206254716465157806      
   6657.80780184226653840472532796073667      
   6671.17689381383735474690349126989449      
   6684.54598578540817108908165457905310      
   6697.91507775697898743125981788821170      
   6711.28416972854980377343798119736873      
   6724.65326170012062011561614450652655      
   6738.02235367169143645779430781568437      
   6751.39144564326225279997247112484219      
   6764.76053761483306914215063443400080      
   6778.12962958640388548432879774315783      
   6791.49872155797470182650696105231644      
   6804.86781352954551816868512436147426      
   6818.23690550111633451086328767063286      
   6831.60599747268715085304145097978989      
   6844.97508944425796719521961428894850      
   6858.34418141582878353739777759810632      
   6871.71327338739959987957594090726493      
   6885.08236535897041622175410421642275      
   6898.45145733054123256393226752558136      
   6911.82054930211204890611043083473760      
   6925.18964127368286524828859414389621      
   6938.55873324525368159046675745305402      
   6951.92782521682449793264492076221263      
   6965.29691718839531427482308407137045      
   6978.66600915996613061700124738052906      
   6992.03510113153694695917941068968609      
   7005.40419310310776330135757399884470      
   7018.77328507467857964353573730800252      
   7032.14237704624939598571390061716112      
   7045.51146901782021232789206392631815      
   7058.88056098939102867007022723547676      
   7072.24965296096184501224839054463458      
   7085.61874493253266135442655385379319      
   7098.98783690410347769660471716295180      
   7112.35692887567429403878288047210804      
   7125.72602084724511038096104378126586      
   7139.09511281881592672313920709042447      
   7152.46420479038674306531737039958228      
   7165.83329676195755940749553370874010      
   7179.20238873352837574967369701789792      
   7192.57148070509919209185186032705653      
   7205.94057267667000843403002363621593      
   7219.30966464824082477620818694537296      
   7232.67875661981164111838635025452920      
   7246.04784859138245746056451356368938      
   7259.41694056295327380274267687284563      
   7272.78603253452409014492084018200581      
   7286.15512450609490648709900349116205      
   7299.52421647766572282927716680031987      
   7312.89330844923653917145533010947848      
   7326.26240042080735551363349341863630      
   7339.63149239237817185581165672779570      
   7353.00058436394898819798982003695273      
   7366.36967633551980454016798334611055      
   7379.73876830709062088234614665526915      
   7393.10786027866143722452430996442539      
   7406.47695225023225356670247327358558      
   7419.84604422180306990888063658274182      
   7433.21513619337388625105879989190043      
   7446.58422816494470259323696320105825      
   7459.95332013651551893541512651021686      
   7473.32241210808633527759328981937389      
   7486.69150407965715161977145312853249      
   7500.06059605122796796194961643769031      
   7513.42968802279878430412777974684892      
   7526.79877999436960064630594305600753      
   7540.16787196594041698848410636516456      
   7553.53696393751123333066226967432238      
   7566.90605590908204967284043298348099      
   7580.27514788065286601501859629263959      
   7593.64423985222368235719675960179741      
   7607.01333182379449869937492291095365      
   7620.38242379536531504155308622011384      
   7633.75151576693613138373124952927008      
   7647.12060773850694772590941283842869      
   7660.48969971007776406808757614758730      
   7673.85879168164858041026573945674433      
   7687.22788365321939675244390276590372      
   7700.59697562479021309462206607506075      
   7713.96606759636102943680022938422015      
   7727.33515956793184577897839269337718      
