   0.00000000000000000000000000000000000      
   16.7113649644635204277227041364478131      
   33.4227299289270408554454082728956261      
   50.1340948933905612831681124093434423      
   66.8454598578540817108908165457912523      
   83.5568248223176021386135206822390684      
   100.268189786781122566336224818686885      
   116.979554751244642994058928955134676      
   133.690919715708163421781633091582505      
   150.402284680171683849504337228030296      
   167.113649644635204277227041364478112      
   183.825014609098724704949745500925953      
   200.536379573562245132672449637373769      
   217.247744538025765560395153773821585      
   233.959109502489285988117857910269401      
   250.670474466952806415840562046717193      
   267.381839431416326843563266183165058      
   284.093204395879847271285970319612875      
   300.804569360343367699008674456060691      
   317.515934324806888126731378592508556      
   334.227299289270408554454082728956372      
   350.938664253733928982176786865404139      
   367.650029218197449409899491001852005      
   384.361394182660969837622195138299821      
   401.072759147124490265344899274747637      
   417.784124111588010693067603411195453      
   434.495489076051531120790307547643319      
   451.206854040515051548513011684091135      
   467.918219004978571976235715820538951      
   484.629583969442092403958419956986767      
   501.340948933905612831681124093434583      
   518.052313898369133259403828229882350      
   534.763678862832653687126532366330215      
   551.475043827296174114849236502777982      
   568.186408791759694542571940639225946      
   584.897773756223214970294644775673713      
   601.609138720686735398017348912121579      
   618.320503685150255825740053048569345      
   635.031868649613776253462757185017211      
   651.743233614077296681185461321464978      
   668.454598578540817108908165457912843      
   685.165963543004337536630869594360610      
   701.877328507467857964353573730808278      
   718.588693471931378392076277867256144      
   735.300058436394898819798982003703812      
   752.011423400858419247521686140151677      
   768.722788365321939675244390276599444      
   785.434153329785460102967094413047113      
   802.145518294248980530689798549494978      
   818.856883258712500958412502685942646      
   835.568248223176021386135206822390512      
   852.279613187639541813857910958838279      
   868.990978152103062241580615095285848      
   885.702343116566582669303319231733714      
   902.413708081030103097026023368181480      
   919.125073045493623524748727504629346      
   935.836438009957143952471431641077014      
   952.547802974420664380194135777524781      
   969.259167938884184807916839913972646      
   985.970532903347705235639544050420413      
   1002.68189786781122566336224818686798      
   1019.39326283227474609108495232331585      
   1036.10462779673826651880765645976371      
   1052.81599276120178694653036059621138      
   1069.52735772566530737425306473265905      
   1086.23872269012882780197576886910692      
   1102.95008765459234822969847300555478      
   1119.66145261905586865742117714200225      
   1136.37281758351938908514388127845012      
   1153.08418254798290951286658541489798      
   1169.79554751244642994058928955134565      
   1186.50691247690995036831199368779352      
   1203.21827744137347079603469782424138      
   1219.92964240583699122375740196068885      
   1236.64100737030051165148010609713672      
   1253.35237233476403207920281023358458      
   1270.06373729922755250692551437003225      
   1286.77510226369107293464821850648012      
   1303.48646722815459336237092264292798      
   1320.19783219261811379009362677937565      
   1336.90919715708163421781633091582332      
   1353.62056212154515464553903505227138      
   1370.33192708600867507326173918871885      
   1387.04329205047219550098444332516672      
   1403.75465701493571592870714746161458      
   1420.46602197939923635642985159806245      
   1437.17738694386275678415255573450972      
   1453.88875190832627721187525987095759      
   1470.60011687278979763959796400740545      
   1487.31148183725331806732066814385312      
   1504.02284680171683849504337228030099      
   1520.73421176618035892276607641674885      
   1537.44557673064387935048878055319652      
   1554.15694169510739977821148468964419      
   1570.86830665957092020593418882609206      
   1587.57967162403444063365689296253972      
   1604.29103658849796106137959709898739      
   1621.00240155296148148910230123543526      
   1637.71376651742500191682500537188293      
   1654.42513148188852234454770950833059      
   1671.13649644635204277227041364477846      
   1687.84786141081556319999311778122613      
   1704.55922637527908362771582191767399      
   1721.27059133974260405543852605412186      
   1737.98195630420612448316123019056972      
   1754.69332126866964491088393432701739      
   1771.40468623313316533860663846346506      
   1788.11605119759668576632934259991293      
   1804.82741616206020619405204673636059      
   1821.53878112652372662177475087280846      
   1838.25014609098724704949745500925633      
   1854.96151105545076747722015914570419      
   1871.67287601991428790494286328215186      
   1888.38424098437780833266556741859972      
   1905.09560594884132876038827155504739      
   1921.80697091330484918811097569149506      
   1938.51833587776836961583367982794293      
   1955.22970084223189004355638396439079      
   1971.94106580669541047127908810083866      
   1988.65243077115893089900179223728633      
   2005.36379573562245132672449637373419      
   2022.07516070008597175444720051018127      
   2038.78652566454949218216990464662913      
   2055.49789062901301260989260878307700      
   2072.20925559347653303761531291952467      
   2088.92062055794005346533801705597273      
   2105.63198552240357389306072119242040      
   2122.34335048686709432078342532886807      
   2139.05471545133061474850612946531534      
   2155.76608041579413517622883360176340      
   2172.47744538025765560395153773821107      
   2189.18881034472117603167424187465913      
   2205.90017530918469645939694601110680      
   2222.61154027364821688711965014755447      
   2239.32290523811173731484235428400253      
   2256.03427020257525774256505842044981      
   2272.74563516703877817028776255689787      
   2289.45700013150229859801046669334554      
   2306.16836509596581902573317082979360      
   2322.87973006042933945345587496624127      
   2339.59109502489285988117857910268894      
   2356.30245998935638030890128323913621      
   2373.01382495381990073662398737558427      
   2389.72518991828342116434669151203194      
   2406.43655488274694159206939564848000      
   2423.14791984721046201979209978492767      
   2439.85928481167398244751480392137534      
   2456.57064977613750287523750805782340      
   2473.28201474060102330296021219427068      
   2489.99337970506454373068291633071834      
   2506.70474466952806415840562046716641      
   2523.41610963399158458612832460361408      
   2540.12747459845510501385102874006174      
   2556.83883956291862544157373287650981      
   2573.55020452738214586929643701295747      
   2590.26156949184566629701914114940514      
   2606.97293445630918672474184528585321      
   2623.68429942077270715246454942230087      
   2640.39566438523622758018725355874854      
   2657.10702934969974800790995769519660      
   2673.81839431416326843563266183164427      
   2690.52975927862678886335536596809234      
   2707.24112424309030929107807010454000      
   2723.95248920755382971880077424098767      
   2740.66385417201735014652347837743613      
   2757.37521913648087057424618251388419      
   2774.08658410094439100196888665033225      
   2790.79794906540791142969159078678032      
   2807.50931402987143185741429492322838      
   2824.22067899433495228513699905967605      
   2840.93204395879847271285970319612490      
   2857.64340892326199314058240733257257      
   2874.35477388772551356830511146902103      
   2891.06613885218903399602781560546869      
   2907.77750381665255442375051974191636      
   2924.48886878111607485147322387836482      
   2941.20023374557959527919592801481249      
   2957.91159871004311570691863215126094      
   2974.62296367450663613464133628770861      
   2991.33432863897015656236404042415628      
   3008.04569360343367699008674456060474      
   3024.75705856789719741780944869705241      
   3041.46842353236071784553215283350086      
   3058.17978849682423827325485696994853      
   3074.89115346128775870097756110639699      
   3091.60251842575127912870026524284466      
   3108.31388339021479955642296937929232      
   3125.02524835467831998414567351574078      
   3141.73661331914184041186837765218845      
   3158.44797828360536083959108178863691      
   3175.15934324806888126731378592508458      
   3191.87070821253240169503649006153264      
   3208.58207317699592212275919419798070      
   3225.29343814145944255048189833442876      
   3242.00480310592296297820460247087683      
   3258.71616807038648340592730660732449      
   3275.42753303485000383365001074377295      
   3292.13889799931352426137271488022062      
   3308.85026296377704468909541901666868      
   3325.56162792824056511681812315311675      
   3342.27299289270408554454082728956481      
   3358.98435785716760597226353142601287      
   3375.69572282163112639998623556246054      
   3392.40708778609464682770893969890860      
   3409.11845275055816725543164383535666      
   3425.82981771502168768315434797180473      
   3442.54118267948520811087705210825318      
   3459.25254764394872853859975624470125      
   3475.96391260841224896632246038114891      
   3492.67527757287576939404516451759737      
   3509.38664253733928982176786865404504      
   3526.09800750180281024949057279049271      
   3542.80937246626633067721327692694156      
   3559.52073743072985110493598106338923      
   3576.23210239519337153265868519983729      
   3592.94346735965689196038138933628496      
   3609.65483232412041238810409347273302      
   3626.36619728858393281582679760918108      
   3643.07756225304745324354950174562875      
   3659.78892721751097367127220588207682      
   3676.50029218197449409899491001852488      
   3693.21165714643801452671761415497294      
   3709.92302211090153495444031829142061      
   3726.63438707536505538216302242786985      
   3743.34575203982857580988572656431752      
   3760.05711700429209623760843070076559      
   3776.76848196875561666533113483721325      
   3793.47984693321913709305383897366211      
   3810.19121189768265752077654311010977      
   3826.90257686214617794849924724655744      
   3843.61394182660969837622195138300590      
   3860.32530679107321880394465551945357      
   3877.03667175553673923166735965590163      
   3893.74803672000025965939006379235009      
   3910.45940168446378008711276792879815      
   3927.17076664892730051483547206524582      
   3943.88213161339082094255817620169349      
   3960.59349657785434137028088033814194      
   3977.30486154231786179800358447458961      
   3994.01622650678138222572628861103767      
   4010.72759147124490265344899274748574      
   4027.43895643570842308117169688393380      
   4044.15032140017194350889440102038147      
   4060.86168636463546393661710515682914      
   4077.57305132909898436433980929327799      
   4094.28441629356250479206251342972566      
   4110.99578125802602521978521756617372      
   4127.70714622248954564750792170262218      
   4144.41851118695306607523062583906984      
   4161.12987615141658650295332997551751      
   4177.84124111588010693067603411196597      
   4194.55260608034362735839873824841443      
   4211.26397104480714778612144238486209      
   4227.97533600927066821384414652130976      
   4244.68670097373418864156685065775822      
   4261.39806593819770906928955479420589      
   4278.10943090266122949701225893065356      
   4294.82079586712474992473496306710201      
   4311.53216083158827035245766720355047      
   4328.24352579605179078018037133999814      
   4344.95489076051531120790307547644581      
   4361.66625572497883163562577961289426      
   4378.37762068944235206334848374934193      
   4395.08898565390587249107118788578960      
   4411.80035061836939291879389202223806      
   4428.51171558283291334651659615868651      
   4445.22308054729643377423930029513418      
   4461.93444551175995420196200443158185      
   4478.64581047622347462968470856803031      
   4495.35717544068699505740741270447798      
   4512.06854040515051548513011684092564      
   4528.77990536961403591285282097737410      
   4545.49127033407755634057552511382177      
   4562.20263529854107676829822925026944      
   4578.91400026300459719602093338671868      
   4595.62536522746811762374363752316635      
   4612.33673019193163805146634165961402      
   4629.04809515639515847918904579606248      
   4645.75946012085867890691174993251015      
   4662.47082508532219933463445406895781      
   4679.18219004978571976235715820540548      
   4695.89355501424924019007986234185473      
   4712.60491997871276061780256647830240      
   4729.31628494317628104552527061475007      
   4746.02764990763980147324797475119852      
   4762.73901487210332190097067888764619      
   4779.45037983656684232869338302409465      
   4796.16174480103036275641608716054232      
   4812.87310976549388318413879129698998      
   4829.58447472995740361186149543343765      
   4846.29583969442092403958419956988532      
   4863.00720465888444446730690370633536      
   4879.71856962334796489502960784278302      
   4896.42993458781148532275231197923069      
   4913.14129955227500575047501611567836      
   4929.85266451673852617819772025212682      
   4946.56402948120204660592042438857449      
   4963.27539444566556703364312852502294      
   4979.98675941012908746136583266147061      
   4996.69812437459260788908853679791828      
   5013.40948933905612831681124093436674      
   5030.12085430351964874453394507081519      
   5046.83221926798316917225664920726286      
   5063.54358423244668959997935334371053      
   5080.25494919691021002770205748015978      
   5096.96631416137373045542476161660744      
   5113.67767912583725088314746575305511      
   5130.38904409030077131087016988950278      
   5147.10040905476429173859287402595045      
   5163.81177401922781216631557816239891      
   5180.52313898369133259403828229884657      
   5197.23450394815485302176098643529503      
   5213.94586891261837344948369057174270      
   5230.65723387708189387720639470819037      
   5247.36859884154541430492909884463961      
   5264.07996380600893473265180298108728      
   5280.79132877047245516037450711753495      
   5297.50269373493597558809721125398262      
   5314.21405869939949601581991539043186      
   5330.92542366386301644354261952687953      
   5347.63678862832653687126532366332720      
   5364.34815359279005729898802779977487      
   5381.05951855725357772671073193622254      
   5397.77088352171709815443343607267099      
   5414.48224848618061858215614020911866      
   5431.19361345064413900987884434556633      
   5447.90497841510765943760154848201400      
   5464.61634337957117986532425261846324      
   5481.32770834403470029304695675491091      
   5498.03907330849822072076966089135858      
   5514.75043827296174114849236502780704      
   5531.46180323742526157621506916425471      
   5548.17316820188878200393777330070316      
   5564.88453316635230243166047743715083      
   5581.59589813081582285938318157359850      
   5598.30726309527934328710588571004617      
   5615.01862805974286371482858984649384      
   5631.72999302420638414255129398294308      
   5648.44135798866990457027399811939075      
   5665.15272295313342499799670225583842      
   5681.86408791759694542571940639228688      
   5698.57545288206046585344211052873533      
   5715.28681784652398628116481466518300      
   5731.99818281098750670888751880163067      
   5748.70954777545102713661022293807913      
   5765.42091273991454756433292707452680      
   5782.13227770437806799205563121097525      
   5798.84364266884158841977833534742292      
   5815.55500763330510884750103948387059      
   5832.26637259776862927522374362031826      
   5848.97773756223214970294644775676750      
   5865.68910252669567013066915189321517      
   5882.40046749115919055839185602966284      
   5899.11183245562271098611456016611051      
   5915.82319742008623141383726430255896      
   5932.53456238454975184155996843900742      
   5949.24592734901327226928267257545509      
   5965.95729231347679269700537671190276      
   5982.66865727794031312472808084835043      
   5999.38002224240383355245078498479809      
   6016.09138720686735398017348912124655      
   6032.80275217133087440789619325769580      
   6049.51411713579439483561889739414347      
   6066.22548210025791526334160153059113      
   6082.93684706472143569106430566704038      
   6099.64821202918495611878700980348805      
   6116.35957699364847654650971393993572      
   6133.07094195811199697423241807638339      
   6149.78230692257551740195512221283105      
   6166.49367188703903782967782634927951      
   6183.20503685150255825740053048572718      
   6199.91640181596607868512323462217564      
   6216.62776678042959911284593875862330      
   6233.33913174489311954056864289507176      
   6250.05049670935663996829134703152022      
   6266.76186167382016039601405116796789      
   6283.47322663828368082373675530441555      
   6300.18459160274720125145945944086322      
   6316.89595656721072167918216357731168      
   6333.60732153167424210690486771375935      
   6350.31868649613776253462757185020702      
   6367.03005146060128296235027598665547      
   6383.74141642506480339007298012310314      
   6400.45278138952832381779568425955160      
   6417.16414635399184424551838839600006      
   6433.87551131845536467324109253244772      
   6450.58687628291888510096379666889539      
   6467.29824124738240552868650080534385      
   6484.00960621184592595640920494179231      
   6500.72097117630944638413190907823997      
   6517.43233614077296681185461321468764      
   6534.14370110523648723957731735113531      
   6550.85506606970000766730002148758377      
   6567.56643103416352809502272562403144      
   6584.27779599862704852274542976047989      
   6600.98916096309056895046813389692756      
   6617.70052592755408937819083803337602      
   6634.41189089201760980591354216982369      
   6651.12325585648113023363624630627214      
   6667.83462082094465066135895044271981      
   6684.54598578540817108908165457916748      
   6701.25735074987169151680435871561673      
   6717.96871571433521194452706285206440      
   6734.68008067879873237224976698851206      
   6751.39144564326225279997247112495973      
   6768.10281060772577322769517526140740      
   6784.81417557218929365541787939785586      
   6801.52554053665281408314058353430353      
   6818.23690550111633451086328767075198      
   6834.94827046557985493858599180719965      
   6851.65963543004337536630869594364811      
   6868.37100039450689579403140008009656      
   6885.08236535897041622175410421654423      
   6901.79373032343393664947680835299190      
   6918.50509528789745707719951248943957      
   6935.21646025236097750492221662588803      
   6951.92782521682449793264492076233569      
   6968.63919018128801836036762489878336      
   6985.35055514575153878809032903523340      
   7002.06192011021505921581303317168107      
   7018.77328507467857964353573730812873      
   7035.48465003914210007125844144457640      
   7052.19601500360562049898114558102407      
   7068.90737996806914092670384971747174      
   7085.61874493253266135442655385392020      
   7102.33010989699618178214925799036865      
   7119.04147486145970220987196212681632      
   7135.75283982592322263759466626326399      
   7152.46420479038674306531737039971166      
   7169.17556975485026349304007453616012      
   7185.88693471931378392076277867260778      
   7202.59829968377730434848548280905703      
   7219.30966464824082477620818694550549      
   7236.02102961270434520393089108195315      
   7252.73239457716786563165359521840082      
   7269.44375954163138605937629935484849      
   7286.15512450609490648709900349129695      
   7302.86648947055842691482170762774541      
   7319.57785443502194734254441176419307      
   7336.28921939948546777026711590064074      
   7353.00058436394898819798982003708841      
   7369.71194932841250862571252417353608      
   7386.42331429287602905343522830998454      
   7403.13467925733954948115793244643378      
   7419.84604422180306990888063658288145      
   7436.55740918626659033660334071932912      
   7453.26877415073011076432604485577758      
   7469.98013911519363119204874899222524      
   7486.69150407965715161977145312867291      
   7503.40286904412067204749415726512058      
   7520.11423400858419247521686140156904      
   7536.82559897304771290293956553801749      
   7553.53696393751123333066226967446516      
   7570.24832890197475375838497381091283      
   7586.95969386643827418610767794736050      
   7603.67105883090179461383038208380817      
   7620.38242379536531504155308622025662      
   7637.09378875982883546927579035670508      
   7653.80515372429235589699849449315275      
   7670.51651868875587632472119862960042      
   7687.22788365321939675244390276604809      
   7703.93924861768291718016660690249654      
   7720.65061358214643760788931103894421      
