   0.0000000000000000     
   334.22729928927049     
   668.45459857854098     
   1002.6818978678114     
   1336.9091971570820     
   1671.1364964463523     
   2005.3637957356227     
   2339.5910950248931     
   2673.8183943141639     
   3008.0456936034343     
   3342.2729928927047     
   3676.5002921819751     
   4010.7275914712454     
   4344.9548907605158     
   4679.1821900497862     
   5013.4094893390566     
   5347.6367886283278     
   5681.8640879175973     
   6016.0913872068686     
   6350.3186864961381     
   6684.5459857854094     
   7018.7732850746806     
   7353.0005843639501     
   7687.2278836532214     
   8021.4551829424909     
   8355.6824822317612     
   8689.9097815210316     
   9024.1370808103020     
   9358.3643800995724     
   9692.5916793888427     
   10026.818978678113     
   10361.046277967384     
   10695.273577256656     
   11029.500876545924     
   11363.728175835195     
   11697.955475124465     
   12032.182774413737     
   12366.410073703008     
   12700.637372992276     
   13034.864672281547     
