   760.950164554452441336146542528979356         746.604231254380482546720817510171814         683.340201562218093596098580159656640      

   739.267769377565209446054242954126376         716.054747009599622971281890687957597         642.967844693626192855630317725901941      

   713.722758858994900470377794685604922         687.600679475246735903177709200874677         616.153734623701041130636453677437339      

   687.798118371433514698747913751950513         661.846854114986543396949431609587200         595.022079065860590898269949569037012      

   663.060358293483317671348497456270563         638.534319892795658779577419837278123         577.013573844763750970094333553629659      

   640.071789607894203400698687815496844         617.377436757211564795347622599565619         561.101268077362635329420678698814539      

   618.953996851288539080059427472602815         598.146018382270749225561987877927541         546.807684279138890474086626239815027      

   599.652890465901274809425026559610901         580.650907531020377620167226344984654         533.872812766187208693792140044042931      

   582.051584312673290713947626624774547         564.729490040471676384902168099485010         522.128834703502104883929807080003148      

   566.016219130149157853657744473971968         550.237815117539904675676298708357893         511.450484938898171617551714625859750      

   551.413849431909322554087049834924565         537.046520510424164343894678864596403         501.734769944797785384990148858947519      

   538.118980735407383755022558741606504         525.038527080703327681534761743284766         492.892371130375112458386791809021585      

   526.015571457713691224289672395097292         514.107530841741011072789786891902157         484.843766172054918086427689404719271      

   514.997261092815972371751243342338830         504.156872205465771134887221009551428         477.517283336833664361982488351750427      

   504.966935359822630157057051470953806         495.098604734758218262843629072513381         470.847967886610634961514466451307032      

   495.836071511442500249798908388506066         486.852687018216492724794475817637595         464.776806760963924862896393825141413      

   487.524038116914625314353216305025045         479.346262983174273673922619189167132         459.250126099403880978394066044167927      

   479.957415665964828181055113482560085         472.513013181457096330626433216337433         454.219084388087073136817987145114721      

   473.069361199420794329174630523389781         466.292566841659976437594317442377205         449.639227808422096881114069466334374      

   466.799023114129182230671629496669512         460.629967691302968167242880341808864         445.470092205104976497470814774939754      

   461.091005707740874222138267217802623         455.475188103793241253487272781770980         441.674843464651351140524014900769761      

   455.894880639561351476836007018744621         450.782686985580700869895542826717234         438.219951237881470180001059606298288      

   451.164741759129117190508398057086128         446.511007379893209223912323880092781         435.074892363029844712547876503640385      

