   0.0000000000000000     
   16.711364964463524     
   33.422729928927048     
   50.134094893390568     
   66.845459857854095     
   83.556824822317623     
   100.26818978678114     
   116.97955475124463     
   133.69091971570816     
   150.40228468017168     
   167.11364964463522     
   183.82501460909873     
   200.53637957356227     
   217.24774453802581     
   233.95910950248935     
   250.67047446695284     
   267.38183943141644     
   284.09320439587992     
   300.80456936034346     
   317.51593432480706     
   334.22729928927055     
   350.93866425373409     
   367.65002921819769     
   384.36139418266117     
   401.07275914712466     
   417.78412411158820     
   434.49548907605185     
   451.20685404051534     
   467.91821900497882     
   484.62958396944236     
   501.34094893390591     
   518.05231389836945     
   534.76367886283299     
   551.47504382729642     
   568.18640879176007     
   584.89777375622361     
   601.60913872068716     
   618.32050368515058     
   635.03186864961413     
   651.74323361407767     
   668.45459857854121     
   685.16596354300475     
   701.87732850746818     
   718.58869347193172     
   735.30005843639503     
   752.01142340085858     
   768.72278836532200     
   785.43415332978543     
   802.14551829424909     
   818.85688325871240     
   835.56824822317594     
   852.27961318763937     
   868.99097815210257     
   885.70234311656623     
   902.41370808102977     
   919.12507304549320     
   935.83643800995662     
   952.54780297442005     
   969.25916793888359     
   985.97053290334702     
   1002.6818978678104     
   1019.3932628322739     
   1036.1046277967375     
   1052.8159927612007     
   1069.5273577256644     
   1086.2387226901278     
   1102.9500876545915     
   1119.6614526190547     
   1136.3728175835183     
   1153.0841825479818     
   1169.7955475124452     
   1186.5069124769086     
   1203.2182774413720     
   1219.9296424058357     
   1236.6410073702991     
   1253.3523723347625     
   1270.0637372992260     
   1286.7751022636894     
   1303.4864672281528     
   1320.1978321926163     
   1336.9091971570797     
   1353.6205621215436     
   1370.3319270860068     
   1387.0432920504702     
   1403.7546570149339     
   1420.4660219793973     
   1437.1773869438605     
   1453.8887519083239     
   1470.6001168727876     
   1487.3114818372510     
   1504.0228468017144     
   1520.7342117661779     
   1537.4455767306415     
   1554.1569416951047     
   1570.8683066595681     
   1587.5796716240316     
   1604.2910365884952     
   1621.0024015529586     
   1637.7137665174221     
   1654.4251314818853     
   1671.1364964463489     
   1687.8478614108126     
   1704.5592263752762     
   1721.2705913397397     
   1737.9819563042031     
   1754.6933212686665     
   1771.4046862331300     
   1788.1160511975934     
   1804.8274161620568     
   1821.5387811265202     
   1838.2501460909839     
   1854.9615110554473     
   1871.6728760199107     
   1888.3842409843744     
   1905.0956059488376     
   1921.8069709133010     
   1938.5183358777645     
   1955.2297008422281     
   1971.9410658066915     
   1988.6524307711550     
   2005.3637957356189     
   2022.0751607000814     
   2038.7865256645450     
   2055.4978906290085     
   2072.2092555934719     
   2088.9206205579353     
   2105.6319855223987     
   2122.3433504868626     
   2139.0547154513256     
   2155.7660804157890     
   2172.4774453802524     
   2189.1888103447163     
   2205.9001753091798     
   2222.6115402736432     
   2239.3229052381071     
   2256.0342702025700     
   2272.7456351670335     
   2289.4570001314969     
   2306.1683650959608     
   2322.8797300604242     
   2339.5910950248876     
   2356.3024599893506     
   2373.0138249538145     
   2389.7251899182775     
   2406.4365548827409     
   2423.1479198472043     
   2439.8592848116682     
   2456.5706497761321     
   2473.2820147405951     
   2489.9933797050585     
   2506.7047446695219     
   2523.4161096339853     
   2540.1274745984488     
   2556.8388395629127     
   2573.5502045273761     
   2590.2615694918391     
   2606.9729344563029     
   2623.6842994207664     
   2640.3956643852298     
   2657.1070293496932     
   2673.8183943141571     
   2690.5297592786205     
   2707.2411242430844     
   2723.9524892075478     
   2740.6638541720113     
   2757.3752191364756     
   2774.0865841009390     
   2790.7979490654029     
   2807.5093140298663     
   2824.2206789943307     
   2840.9320439587946     
   2857.6434089232580     
   2874.3547738877219     
   2891.0661388521853     
   2907.7775038166496     
   2924.4888687811135     
   2941.2002337455770     
   2957.9115987100413     
   2974.6229636745047     
   2991.3343286389681     
   3008.0456936034320     
   3024.7570585678955     
   3041.4684235323598     
   3058.1797884968232     
   3074.8911534612871     
   3091.6025184257510     
   3108.3138833902149     
   3125.0252483546783     
   3141.7366133191417     
   3158.4479782836056     
   3175.1593432480690     
   3191.8707082125334     
   3208.5820731769973     
   3225.2934381414607     
   3242.0048031059246     
   3258.7161680703880     
   3275.4275330348519     
   3292.1388979993158     
   3308.8502629637792     
   3325.5616279282431     
   3342.2729928927070     
   3358.9843578571708     
   3375.6957228216347     
   3392.4070877860981     
   3409.1184527505616     
   3425.8298177150255     
   3442.5411826794898     
   3459.2525476439532     
   3475.9639126084166     
   3492.6752775728814     
   3509.3866425373449     
   3526.0980075018083     
   3542.8093724662722     
   3559.5207374307361     
   3576.2321023951995     
   3592.9434673596629     
   3609.6548323241263     
   3626.3661972885907     
   3643.0775622530546     
   3659.7889272175180     
   3676.5002921819819     
   3693.2116571464453     
   3709.9230221109087     
   3726.6343870753740     
   3743.3457520398374     
   3760.0571170043008     
   3776.7684819687652     
   3793.4798469332291     
   3810.1912118976925     
   3826.9025768621559     
   3843.6139418266207     
   3860.3253067910841     
   3877.0366717555476     
   3893.7480367200114     
   3910.4594016844749     
   3927.1707666489388     
   3943.8821316134022     
   3960.5934965778665     
   3977.3048615423299     
   3994.0162265067934     
   4010.7275914712577     
   4027.4389564357211     
   4044.1503214001850     
   4060.8616863646484     
   4077.5730513291128     
   4094.2844162935762     
   4110.9957812580396     
   4127.7071462225040     
   4144.4185111869674     
   4161.1298761514308     
   4177.8412411158952     
   4194.5526060803586     
   4211.2639710448220     
   4227.9753360092855     
   4244.6867009737498     
   4261.3980659382141     
   4278.1094309026776     
   4294.8207958671410     
   4311.5321608316053     
   4328.2435257960688     
   4344.9548907605331     
   4361.6662557249965     
   4378.3776206894599     
   4395.0889856539234     
   4411.8003506183877     
   4428.5117155828511     
   4445.2230805473146     
   4461.9344455117789     
   4478.6458104762423     
   4495.3571754407058     
   4512.0685404051692     
   4528.7799053696335     
   4545.4912703340970     
   4562.2026352985613     
   4578.9140002630256     
   4595.6253652274891     
   4612.3367301919525     
   4629.0480951564168     
   4645.7594601208802     
   4662.4708250853437     
   4679.1821900498071     
   4695.8935550142714     
   4712.6049199787349     
   4729.3162849431983     
   4746.0276499076626     
   4762.7390148721261     
   4779.4503798365904     
   4796.1617448010538     
   4812.8731097655182     
   4829.5844747299816     
   4846.2958396944450     
   4863.0072046589094     
   4879.7185696233728     
   4896.4299345878362     
   4913.1412995523015     
   4929.8526645167649     
   4946.5640294812283     
   4963.2753944456927     
   4979.9867594101561     
   4996.6981243746195     
   5013.4094893390829     
   5030.1208543035464     
   5046.8322192680098     
   5063.5435842324732     
   5080.2549491969385     
   5096.9663141614019     
   5113.6776791258653     
   5130.3890440903288     
   5147.1004090547931     
   5163.8117740192565     
   5180.5231389837199     
   5197.2345039481852     
   5213.9458689126486     
   5230.6572338771120     
   5247.3685988415764     
   5264.0799638060398     
   5280.7913287705032     
   5297.5026937349667     
   5314.2140586994301     
   5330.9254236638935     
   5347.6367886283570     
   5364.3481535928222     
   5381.0595185572856     
   5397.7708835217491     
   5414.4822484862125     
   5431.1936134506759     
   5447.9049784151393     
   5464.6163433796037     
   5481.3277083440671     
   5498.0390733085305     
   5514.7504382729958     
   5531.4618032374592     
   5548.1731682019226     
   5564.8845331663861     
   5581.5958981308504     
   5598.3072630953138     
   5615.0186280597773     
   5631.7299930242416     
   5648.4413579887050     
   5665.1527229531694     
   5681.8640879176328     
   5698.5754528820962     
   5715.2868178465596     
   5731.9981828110231     
   5748.7095477754874     
   5765.4209127399508     
   5782.1322777044143     
   5798.8436426688786     
   5815.5550076333429     
   5832.2663725978064     
   5848.9777375622707     
   5865.6891025267341     
   5882.4004674911976     
   5899.1118324556610     
   5915.8231974201253     
   5932.5345623845888     
   5949.2459273490522     
   5965.9572923135156     
   5982.6686572779799     
   5999.3800222424434     
   6016.0913872069068     
   6032.8027521713720     
   6049.5141171358355     
   6066.2254821002989     
   6082.9368470647632     
   6099.6482120292276     
   6116.3595769936910     
   6133.0709419581544     
   6149.7823069226179     
   6166.4936718870822     
   6183.2050368515456     
   6199.9164018160091     
   6216.6277667804725     
   6233.3391317449359     
   6250.0504967094012     
   6266.7618616738646     
   6283.4732266383280     
   6300.1845916027924     
   6316.8959565672558     
   6333.6073215317192     
   6350.3186864961826     
   6367.0300514606470     
   6383.7414164251104     
   6400.4527813895747     
   6417.1641463540382     
   6433.8755113185025     
   6450.5868762829659     
   6467.2982412474294     
   6484.0096062118928     
   6500.7209711763562     
   6517.4323361408196     
   6534.1437011052840     
   6550.8550660697483     
   6567.5664310342117     
   6584.2777959986761     
   6600.9891609631395     
   6617.7005259276029     
   6634.4118908920664     
   6651.1232558565307     
   6667.8346208209941     
   6684.5459857854576     
   6701.2573507499228     
   6717.9687157143862     
   6734.6800806788497     
   6751.3914456433131     
   6768.1028106077765     
   6784.8141755722399     
   6801.5255405367034     
   6818.2369055011677     
   6834.9482704656311     
   6851.6596354300946     
   6868.3710003945607     
   6885.0823653590242     
   6901.7937303234876     
   6918.5050952879510     
   6935.2164602524144     
   6951.9278252168779     
   6968.6391901813413     
   6985.3505551458065     
   7002.0619201102700     
   7018.7732850747334     
   7035.4846500391968     
   7052.1960150036602     
   7068.9073799681237     
   7085.6187449325871     
   7102.3301098970524     
   7119.0414748615158     
   7135.7528398259801     
   7152.4642047904435     
   7169.1755697549070     
   7185.8869347193704     
   7202.5982996838347     
   7219.3096646482982     
   7236.0210296127625     
   7252.7323945772259     
   7269.4437595416894     
   7286.1551245061546     
   7302.8664894706180     
   7319.5778544350815     
   7336.2892193995449     
   7353.0005843640083     
   7369.7119493284717     
   7386.4233142929352     
   7403.1346792574013     
   7419.8460442218648     
   7436.5574091863282     
   7453.2687741507916     
   7469.9801391152550     
   7486.6915040797185     
   7503.4028690441819     
   7520.1142340086462     
   7536.8255989731097     
   7553.5369639375731     
   7570.2483289020365     
   7586.9596938664999     
   7603.6710588309643     
   7620.3824237954277     
   7637.0937887598930     
   7653.8051537243564     
   7670.5165186888198     
   7687.2278836532832     
   7703.9392486177467     
   7720.6506135822101     
   7737.3619785466753     
   7754.0733435111388     
   7770.7847084756031     
   7787.4960734400665     
   7804.2074384045300     
   7820.9188033689934     
   7837.6301683334568     
   7854.3415332979212     
   7871.0528982623855     
   7887.7642632268489     
   7904.4756281913124     
   7921.1869931557758     
   7937.8983581202392     
   7954.6097230847026     
   7971.3210880491679     
   7988.0324530136313     
   8004.7438179780947     
   8021.4551829425591     
   8038.1665479070225     
   8054.8779128714859     
   8071.5892778359494     
   8088.3006428004137     
   8105.0120077648771     
   8121.7233727293406     
   8138.4347376938040     
   8155.1461026582674     
   8171.8574676227308     
   8188.5688325871970     
   8205.2801975516595     
   8221.9915625161229     
   8238.7029274805864     
   8255.4142924450516     
   8272.1256574095150     
   8288.8370223739785     
   8305.5483873384437     
   8322.2597523029071     
   8338.9711172673706     
   8355.6824822318340     
   8372.3938471962974     
   8389.1052121607609     
   8405.8165771252243     
   8422.5279420896895     
   8439.2393070541530     
   8455.9506720186164     
   8472.6620369830798     
   8489.3734019475432     
   8506.0847669120067     
   8522.7961318764719     
   8539.5074968409353     
   8556.2188618053988     
   8572.9302267698622     
   8589.6415917343256     
   8606.3529566987891     
   8623.0643216632525     
   8639.7756866277177     
   8656.4870515921812     
   8673.1984165566446     
   8689.9097815211080     
   8706.6211464855714     
   8723.3325114500349     
   8740.0438764144983     
   8756.7552413789635     
   8773.4666063434270     
   8790.1779713078904     
   8806.8893362723538     
   8823.6007012368173     
   8840.3120662012807     
   8857.0234311657441     
   8873.7347961302112     
   8890.4461610946746     
   8907.1575260591380     
   8923.8688910236015     
   8940.5802559880649     
   8957.2916209525283     
   8974.0029859169954     
   8990.7143508814588     
   9007.4257158459222     
   9024.1370808103857     
   9040.8484457748491     
   9057.5598107393125     
   9074.2711757037760     
   9090.9825406682394     
   9107.6939056327046     
   9124.4052705971681     
   9141.1166355616315     
   9157.8280005260949     
   9174.5393654905583     
   9191.2507304550218     
   9207.9620954194870     
   9224.6734603839504     
   9241.3848253484139     
   9258.0961903128773     
   9274.8075552773407     
   9291.5189202418042     
   9308.2302852062676     
   9324.9416501707328     
   9341.6530151351963     
   9358.3643800996597     
   9375.0757450641231     
   9391.7871100285865     
   9408.4984749930500     
   9425.2098399575152     
   9441.9212049219786     
   9458.6325698864421     
   9475.3439348509055     
   9492.0552998153689     
   9508.7666647798324     
   9525.4780297442958     
   9542.1893947087610     
   9558.9007596732245     
   9575.6121246376879     
   9592.3234896021513     
   9609.0348545666147     
   9625.7462195310782     
   9642.4575844955416     
   9659.1689494600068     
   9675.8803144244703     
   9692.5916793889337     
   9709.3030443533971     
   9726.0144093178624     
   9742.7257742823258     
   9759.4371392467892     
   9776.1485042112545     
   9792.8598691757179     
   9809.5712341401813     
   9826.2825991046448     
   9842.9939640691082     
   9859.7053290335716     
   9876.4166939980369     
   9893.1280589625003     
   9909.8394239269637     
   9926.5507888914271     
   9943.2621538558906     
   9959.9735188203540     
   9976.6848837848174     
   9993.3962487492845     
   10010.107613713748     
   10026.818978678211     
   10043.530343642675     
   10060.241708607138     
   10076.953073571602     
   10093.664438536065     
   10110.375803500528     
   10127.087168464992     
   10143.798533429455     
   10160.509898393919     
   10177.221263358382     
   10193.932628322846     
   10210.643993287309     
   10227.355358251774     
   10244.066723216238     
   10260.778088180701     
   10277.489453145165     
   10294.200818109628     
   10310.912183074091     
   10327.623548038559     
   10344.334913003022     
   10361.046277967485     
   10377.757642931949     
   10394.469007896412     
   10411.180372860876     
   10427.891737825339     
   10444.603102789804     
   10461.314467754268     
   10478.025832718731     
   10494.737197683195     
   10511.448562647658     
   10528.159927612121     
   10544.871292576585     
   10561.582657541050     
   10578.294022505515     
   10595.005387469979     
   10611.716752434442     
   10628.428117398906     
   10645.139482363369     
   10661.850847327833     
   10678.562212292296     
   10695.273577256759     
   10711.984942221223     
   10728.696307185686     
   10745.407672150148     
   10762.119037114609     
   10778.830402079073     
   10795.541767043536     
   10812.253132008000     
   10828.964496972461     
   10845.675861936921     
   10862.387226901385     
   10879.098591865846     
   10895.809956830310     
   10912.521321794773     
   10929.232686759235     
   10945.944051723698     
   10962.655416688160     
   10979.366781652623     
   10996.078146617087     
   11012.789511581550     
   11029.500876546012     
   11046.212241510473     
   11062.923606474937     
   11079.634971439400     
   11096.346336403863     
   11113.057701368325     
   11129.769066332787     
   11146.480431297250     
   11163.191796261712     
   11179.903161226175     
   11196.614526190637     
   11213.325891155098     
   11230.037256119562     
   11246.748621084025     
   11263.459986048489     
   11280.171351012950     
   11296.882715977410     
   11313.594080941873     
   11330.305445906339     
   11347.016810870802     
   11363.728175835262     
   11380.439540799724     
   11397.150905764187     
   11413.862270728649     
   11430.573635693112     
   11447.285000657575     
   11463.996365622037     
   11480.707730586500     
   11497.419095550962     
   11514.130460515426     
   11530.841825479889     
   11547.553190444352     
   11564.264555408814     
   11580.975920373276     
   11597.687285337739     
   11614.398650302202     
   11631.110015266666     
   11647.821380231127     
   11664.532745195589     
   11681.244110160053     
   11697.955475124514     
   11714.666840088978     
   11731.378205053439     
   11748.089570017899     
   11764.800934982364     
   11781.512299946828     
   11798.223664911291     
   11814.935029875751     
   11831.646394840212     
   11848.357759804676     
   11865.069124769139     
   11881.780489733603     
   11898.491854698064     
   11915.203219662526     
   11931.914584626989     
   11948.625949591451     
   11965.337314555914     
   11982.048679520378     
   11998.760044484839     
   12015.471409449303     
   12032.182774413764     
   12048.894139378228     
   12065.605504342691     
   12082.316869307155     
   12099.028234271616     
   12115.739599236078     
   12132.450964200541     
   12149.162329165005     
   12165.873694129468     
   12182.585059093930     
   12199.296424058391     
   12216.007789022855     
   12232.719153987317     
   12249.430518951780     
   12266.141883916243     
   12282.853248880701     
   12299.564613845165     
   12316.275978809628     
   12332.987343774092     
   12349.698708738553     
   12366.410073703015     
   12383.121438667478     
   12399.832803631942     
   12416.544168596405     
   12433.255533560867     
   12449.966898525328     
   12466.678263489792     
   12483.389628454253     
   12500.100993418717     
   12516.812358383180     
   12533.523723347642     
   12550.235088312105     
   12566.946453276567     
   12583.657818241030     
   12600.369183205494     
   12617.080548169957     
   12633.791913134419     
   12650.503278098880     
   12667.214643063344     
   12683.926008027807     
   12700.637372992271     
   12717.348737956732     
   12734.060102921194     
   12750.771467885657     
   12767.482832850117     
   12784.194197814581     
   12800.905562779046     
   12817.616927743506     
   12834.328292707969     
   12851.039657672431     
   12867.751022636894     
   12884.462387601356     
   12901.173752565817     
   12917.885117530281     
   12934.596482494744     
   12951.307847459208     
   12968.019212423669     
   12984.730577388131     
   13001.441942352594     
   13018.153307317056     
   13034.864672281519     
   13051.576037245983     
   13068.287402210444     
   13084.998767174908     
   13101.710132139369     
   13118.421497103833     
   13135.132862068296     
   13151.844227032760     
   13168.555591997221     
   13185.266956961683     
   13201.978321926146     
   13218.689686890610     
   13235.401051855073     
   13252.112416819535     
   13268.823781783994     
   13285.535146748458     
   13302.246511712920     
   13318.957876677383     
   13335.669241641846     
   13352.380606606308     
   13369.091971570771     
   13385.803336535233     
   13402.514701499696     
   13419.226066464160     
   13435.937431428620     
   13452.648796393083     
   13469.360161357547     
   13486.071526322010     
   13502.782891286472     
   13519.494256250933     
   13536.205621215397     
   13552.916986179858     
   13569.628351144322     
   13586.339716108785     
   13603.051081073247     
