   0.0000000000000000     
   66.845459857854095     
   133.69091971570819     
   200.53637957356227     
   267.38183943141638     
   334.22729928927049     
   401.07275914712454     
   467.91821900497854     
   534.76367886283265     
   601.60913872068670     
   668.45459857854087     
   735.30005843639492     
   802.14551829424909     
   868.99097815210325     
   935.83643800995742     
   1002.6818978678114     
   1069.5273577256658     
   1136.3728175835197     
   1203.2182774413739     
   1270.0637372992283     
   1336.9091971570822     
   1403.7546570149364     
   1470.6001168727907     
   1537.4455767306447     
   1604.2910365884986     
   1671.1364964463528     
   1737.9819563042074     
   1804.8274161620614     
   1871.6728760199153     
   1938.5183358777695     
   2005.3637957356236     
   2072.2092555934778     
   2139.0547154513320     
   2205.9001753091857     
   2272.7456351670403     
   2339.5910950248945     
   2406.4365548827486     
   2473.2820147406023     
   2540.1274745984565     
   2606.9729344563107     
   2673.8183943141648     
   2740.6638541720190     
   2807.5093140298727     
   2874.3547738877269     
   2941.2002337455801     
   3008.0456936034343     
   3074.8911534612880     
   3141.7366133191417     
   3208.5820731769963     
   3275.4275330348496     
   3342.2729928927038     
   3409.1184527505575     
   3475.9639126084103     
   3542.8093724662649     
   3609.6548323241191     
   3676.5002921819728     
   3743.3457520398265     
   3810.1912118976802     
   3877.0366717555344     
   3943.8821316133881     
   4010.7275914712418     
   4077.5730513290955     
   4144.4185111869501     
   4211.2639710448029     
   4278.1094309026576     
   4344.9548907605113     
   4411.8003506183659     
   4478.6458104762187     
   4545.4912703340733     
   4612.3367301919270     
   4679.1821900497807     
   4746.0276499076344     
   4812.8731097654882     
   4879.7185696233428     
   4946.5640294811965     
   5013.4094893390502     
   5080.2549491969039     
   5147.1004090547576     
   5213.9458689126113     
   5280.7913287704650     
   5347.6367886283188     
   5414.4822484861743     
   5481.3277083440271     
   5548.1731682018808     
   5615.0186280597354     
   5681.8640879175891     
   5748.7095477754419     
   5815.5550076332956     
   5882.4004674911503     
   5949.2459273490040     
   6016.0913872068577     
   6082.9368470647114     
   6149.7823069225660     
   6216.6277667804188     
   6283.4732266382725     
   6350.3186864961262     
   6417.1641463539809     
   6484.0096062118346     
   6550.8550660696883     
   6617.7005259275411     
   6684.5459857853957     
   6751.3914456432503     
   6818.2369055011050     
   6885.0823653589587     
   6951.9278252168124     
   7018.7732850746661     
   7085.6187449325198     
   7152.4642047903735     
   7219.3096646482272     
   7286.1551245060809     
   7353.0005843639356     
   7419.8460442217893     
   7486.6915040796430     
   7553.5369639374976     
   7620.3824237953504     
   7687.2278836532041     
   7754.0733435110578     
   7820.9188033689124     
   7887.7642632267662     
   7954.6097230846199     
   8021.4551829424754     
   8088.3006428003255     
   8155.1461026581801     
   8221.9915625160338     
   8288.8370223738875     
   8355.6824822317412     
   8422.5279420895949     
   8489.3734019474505     
   8556.2188618053024     
   8623.0643216631561     
   8689.9097815210098     
   8756.7552413788653     
   8823.6007012367190     
   8890.4461610945727     
   8957.2916209524283     
   9024.1370808102802     
   9090.9825406681339     
   9157.8280005259876     
   9224.6734603838431     
   9291.5189202416968     
   9358.3643800995505     
   9425.2098399574024     
   9492.0552998152580     
   9558.9007596731099     
   9625.7462195309636     
   9692.5916793888173     
   9759.4371392466728     
   9826.2825991045283     
   9893.1280589623802     
   9959.9735188202339     
   10026.818978678088     
   10093.664438535941     
   10160.509898393795     
   10227.355358251651     
   10294.200818109504     
   10361.046277967356     
   10427.891737825212     
   10494.737197683065     
   10561.582657540919     
   10628.428117398773     
   10695.273577256628     
   10762.119037114482     
   10828.964496972338     
   10895.809956830191     
   10962.655416688045     
   11029.500876545902     
   11096.346336403756     
   11163.191796261612     
   11230.037256119465     
   11296.882715977323     
   11363.728175835178     
   11430.573635693032     
   11497.419095550888     
   11564.264555408741     
   11631.110015266599     
   11697.955475124454     
   11764.800934982308     
   11831.646394840165     
   11898.491854698019     
   11965.337314555873     
   12032.182774413728     
   12099.028234271582     
   12165.873694129439     
   12232.719153987293     
   12299.564613845148     
   12366.410073703004     
   12433.255533560859     
   12500.100993418713     
   12566.946453276567     
   12633.791913134422     
   12700.637372992276     
   12767.482832850133     
   12834.328292707989     
   12901.173752565843     
   12968.019212423698     
   13034.864672281552     
   13101.710132139408     
   13168.555591997263     
   13235.401051855117     
   13302.246511712972     
   13369.091971570828     
   13435.937431428683     
   13502.782891286539     
