   0.0000000000000000     
   1.5000000596046448E-002
   3.0000001192092896E-002
   4.5000001788139350E-002
   6.0000002384185791E-002
   7.5000002980232239E-002
   9.0000003576278687E-002
  0.10500000417232513     
  0.12000000476837157     
  0.13500000536441803     
  0.15000000596046445     
  0.16500000655651090     
  0.18000000715255737     
  0.19500000774860382     
  0.21000000834465030     
  0.22500000894069674     
  0.24000000953674322     
  0.25500001013278967     
  0.27000001072883612     
  0.28500001132488262     
  0.30000001192092901     
