   0.00000000000000000000000000000000000      
   334.227299289270408554454082728956274      
   668.454598578540817108908165457912547      
   1002.68189786781122566336224818686877      
   1336.90919715708163421781633091582509      
   1671.13649644635204277227041364478142      
   2005.36379573562245132672449637373754      
   2339.59109502489285988117857910269367      
   2673.81839431416326843563266183165019      
   3008.04569360343367699008674456060671      
   3342.27299289270408554454082728956284      
   3676.50029218197449409899491001851896      
   4010.72759147124490265344899274747509      
   4344.95489076051531120790307547643161      
   4679.18219004978571976235715820538734      
   5013.40948933905612831681124093434465      
   5347.63678862832653687126532366330038      
   5681.86408791759694542571940639225690      
   6016.09138720686735398017348912121342      
   6350.31868649613776253462757185016915      
   6684.54598578540817108908165457912567      
   7018.77328507467857964353573730808219      
   7353.00058436394898819798982003703792      
