   772.95205655204518        770.83762153285784        733.86753059069201     

   772.24705784063508        766.20085208032242        710.53711605652336     

   770.79428853167349        760.14645608621368        694.27469149904471     

   768.49771010886184        753.43977703246628        681.67243411607751     

   765.38598771159604        746.52898421064720        671.31079994017568     

   761.56056081430916        739.63783214444857        662.46556813614689     

   757.15067034199876        732.86597625439515        654.71124301529403     

   752.28547961638924        726.25135306886170        647.77345812601504     

   747.08049852118938        719.80324651391834        641.46394158307294     

   741.63292294965004        713.51862972444383        635.64797635672119     

   736.02161855102372        707.38989075347627        630.22641034502396     

   730.30912268462589        701.40831771537728        625.12486388261300     

   724.54426536075334        695.56555623693907        620.28680665334718     

   718.76474859169377        689.85412580114644        615.66887381997640     

   712.99941919290120        684.26751860048262        611.23756618919538     

   707.27016391737845        678.80012838713469        606.96685601729882     

   701.59344184914096        673.44712301047741        602.83641375610569     

   695.98150125168627        668.20431032249746        598.83027617196217     

   690.44333525739876        663.06801707116585        594.93583659542287     

   684.98542732684780        658.03498671734621        591.14307467530512     

   679.61233021868247        653.10229622939130        587.44396646742359     

   674.32711441292793        648.26728967183999        583.83203145347011     

   669.13171479837683        643.52752580932531        580.30198410844673     

   664.02719838132452        638.88073704385772        576.84946558005254     

   659.01397083140512        634.32479735211837        573.47083689789235     

   654.09193573473317        629.85769729278070        570.16301951140827     

   649.26061731540472        625.47752453121666        566.92337226826521     

   644.51925495594242        621.18244865254337        563.74959646741399     

   639.86687595680223        616.97070929957874        560.63966255049263     

   635.30235150920555        612.84060688499949        557.59175347538257     

   630.82443972118858        608.79049529494239        554.60422095338390     

   626.43181866001760        604.81877613272059        551.67555160694076     

   622.12311169702161        600.92389415362982        548.80434077907671     

   617.89690691825399        597.10433362117737        545.98927224520878     

   613.75177196110178        593.35861537649782        543.22910247843629     

   609.68626532583482        589.68529446021125        540.52264842809336     

   605.69894497108066        586.08295816265638        537.86877800937418     

   601.78837481710048        582.55022440674725        535.26640268536721     

   597.95312963796391        579.08574038955476        532.71447166436792     

   594.19179871361052        575.68818142557313        530.21196734447471     

   590.50298852785795        572.35624994763430        527.75790172164602     

   586.88532473292707        569.08867463147237        525.35131354230157     

   583.33745355054668        565.88420961767201        522.99126603161233     

   579.85804274074258        562.74163381070844        520.67684506722605     

   576.44578223938424        559.65975023938972        518.40715769795020     

   573.09938454238954        556.63738546656464        516.18133092987478     

   569.81758489662707        553.67338903869768        513.99851072012734     

   566.59914134377868        550.76663296802963        511.85786113210634     

   563.44283465280057        547.91601124166914        509.75856361657713     

   560.34746816842630        545.12043935322231        507.69981639113405     

   557.31186759684397        542.37885385353866        505.68083389680027     

   554.33488074480181        539.69021191789670        503.70084631536861     

   551.41537722464477        537.05349092753954        501.75909913481439     

   548.55224813488826        534.46768806390855        499.85485275298487     

   545.74440572369963        531.93181991427605        497.98738211198958     

   542.99078304094246        529.44492208774045        496.15597635742523     

   540.29033358310448        527.00604884075585        494.35993851788885     

   537.64203093441552        524.61427271152650        492.59858520125090     

   535.04486840666732        522.26868416272191        490.87124630494691     

   532.49785867964351        519.96839123206325        489.17726473815043     

   530.00003344360005        517.71251919040651        487.51599615416023     

   527.55044304487615        515.50021020700638        485.88680869169480     

   525.14815613543783        513.33062302169003        484.28908272406659     

   522.79225932694487        511.20293262370558        482.72221061542371     

   520.48185684976727        509.11632993703660        481.18559648341477     

   518.21607021725117        507.07002151199885        479.67865596775857     

   515.99403789543840        505.06322922294942        478.20081600430404     

   513.81491497837101        503.09518997195573        476.75151460423967     

   511.67787286905241        501.16515539828038        475.33020063817298     

   509.58209896609844        499.27239159354815        473.93633362484820     

   507.52679635607450        497.41617882246982        472.56938352430427     

   505.51118351149324        495.59581124900143        471.22883053530592     

   503.53449399442798        493.81059666782539        469.91416489690067     

   501.59597616568203        492.05985624104204        468.62488669397408     

   499.69489289944602        490.34292423996612        467.36050566668689     

   497.83052130336534        488.65914779192417        466.12054102369103     

   496.00215244393780        487.00788663195362        464.90452125902834     

   494.20909107715386        485.38851285930565        463.71198397262373     

   492.45065538429338        483.80041069865712        462.54247569428986     

   490.72617671278988        482.24297626593921        461.39555171116541     

   489.03499932207046        480.71561733869243        460.27077589851251     

   487.37648013428429        479.21775313085919        459.16772055380210     

   485.74998848982773        477.74881407192788        458.08596623401962     

   484.15490590757832        476.30824159034410        457.02510159612450     

   482.59062584974947        474.89548790110530        455.98472324060015     

   481.05655349127846        473.51001579745889        454.96443555803233     

   479.55210549366183        472.15129844662340        453.96385057865626     

   478.07670978315446        470.81881918945498        452.98258782481292     

   476.62980533324776        469.51207134398379        452.02027416625839     

   475.21084195134637        468.23055801274353        451.07654367826962     

   473.81928006956161        466.97379189382298        450.15103750249244     

   472.45459053954431        465.74129509556587        449.24340371047816     

   471.11625443127741        464.53259895484979        448.35329716985672     

   469.80376283575390        463.34724385887381        447.48037941309508     

   468.51661667146391        462.18477907038829        446.62431850879034     

   467.25432649461885        461.04476255629925        445.78478893544963     

   466.01641231303921        459.92676081958285        444.96147145770692     

   464.80240340363650        458.83034873444603        444.15405300493131     

   463.61183813341916        457.75510938466982        443.36222655217921     

   462.44426378395508        456.70063390507488        442.58569100344602     

   461.29923637922388        455.66652132604844        441.82415107717219     

   460.17632051679283        454.65237842107331        441.07731719396060     

   459.07508920225348        453.65781955720172        440.34490536646211     

   457.99512368685515        452.68246654841630        439.62663709138775     

   456.93601330827374        451.72594851182282        438.92223924360627     

   455.89735533445537        450.78790172662025        438.23144397228680     

   454.87875481047570        449.86796949579383        437.55398859904687     

   453.87982440835640        448.96580201047959        436.88961551806801     

   452.90018427978191        448.08105621694750        436.23807209813930     

   451.93946191166003        447.21339568615343        435.59911058659327     

   450.99729198447221        446.36249048581067        434.97248801509664     

   450.07331623335887        445.52801705493118        434.35796610726038     

   449.16718331188741        444.70965808079018        433.75531118803372     

   448.27854865845097        443.90710237826613        433.16429409484823     

   447.40707436524730        443.12004477151106        432.58469009047747     

   446.55242904978741        442.34818597790610        432.01627877757954     

   445.71428772888589        441.59123249425755        431.45884401488991     

   444.89233169508429        440.84889648519101        430.91217383503243     

   444.08624839546121        440.12089567370026        430.37606036391804     

   443.29573131278221        439.40695323381027        429.85029974169919     

   442.52047984894523        438.70679768531249        429.33469204525119     

   441.76019921067677        438.02016279053345        428.82904121215080     

   441.01460029743504        437.34678745309617        428.33315496612198     

   440.28339959147820        436.68641561863723        427.84684474392219     

   439.56631905005520        436.03879617744070        427.36992562364014     

   438.86308599967867        435.40368286895239        426.90221625437852     

   438.17343303243945        434.78083418813804        426.44353878729390     

   437.49709790432343        434.17001329364990        425.99371880796951     

   436.83382343549181        433.57098791776644        425.55258527009261     

   436.18335741248734        432.98353027807167        425.11997043041379     

   435.54545249232876        432.40741699083929        424.69570978496137     

   434.91986610845748        431.84242898609040        424.27964200648819     

   434.30636037850024        431.28835142429068        423.87160888312604     

   433.70470201381346        430.74497361465666        423.47145525822469     

   433.11466223077377        430.21208893503962        423.07902897135301     

   432.53601666378199        429.68949475335626        422.69418080043897     

   431.96854527994697        429.17699235053703        422.31676440502736     

   431.41203229541696        428.67438684496210        421.94663627063295     

   430.86626609332689        428.18148711835670        421.58365565416858     

   430.33103914332963        427.69810574311725        421.22768453042664     

   429.80614792268187        427.22405891104142        420.87858753959466     

   429.29139283885337        426.75916636343379        420.53623193578352     

   428.78657815363101        426.30325132256172        420.20048753655078     

   428.29151190868834        425.85614042443478        419.87122667339759     

   427.80600585259231        425.41766365288214        419.54832414322254     

   427.32987536921991        424.98765427490309        419.23165716071219     

   426.86293940755684        424.56594877726587        418.92110531165162     

   426.40502041285208        424.15238680433123        418.61655050713614     

   425.95594425910156        423.74681109707609        418.31787693866750     

   425.51554018283605        423.34906743329509        418.02497103411707     

   425.08364071818767        422.95900456895686        417.73772141453935     

   424.66008163320959        422.57647418069280        417.45601885181998     

   424.24470186742661        422.20133080939615        417.17975622714050     

   423.83734347059084        421.83343180491067        416.90882849024672     

   423.43785154262019        421.47263727178694        416.64313261950207     

   423.04607417469708        421.11881001608663        416.38256758271353     

   422.66186239150414        420.77181549321386        416.12703429871362     

   422.28507009457593        420.43152175675357        415.87643559968410     

   421.91555400674372        420.09779940829873        415.63067619420758     

   421.55317361765412        419.77052154824548        415.38966263103237     

   421.19779113033917        419.44956372753933        415.15330326353723     

   420.84927140881808        419.13480390035244        414.92150821488229     

   420.50748192671159        418.82612237767529        414.69418934383282     

   420.17229271684766        418.52340178180418        414.47126021124336     

   419.84357632184117        418.22652700170801        414.25263604718833     

   419.52120774562735        417.93538514925643        414.03823371872841     

   419.20506440593147        417.64986551629369        413.82797169829831     

   418.89502608765645        417.36985953254145        413.62177003270585     

   418.59097489717021        417.09526072431407        413.41955031272914     

   418.29279521747634        416.82596467403187        413.22123564330121     

   418.00037366424982        416.56186898051533        413.02675061427021     

   417.71359904272236        416.30287322004693        412.83602127172435     

   417.43236230539975        416.04887890818435        412.64897508987059     

   417.15655651059620        415.79978946231131        412.46554094345618     

   416.88607678176925        415.55551016491154        412.28564908072309     

   416.62082026763971        415.31594812755179        412.10923109688457     

   416.36068610308212        415.08101225556095        411.93621990811374     

   416.10557537077028        414.85061321339049        411.76654972603467     

   415.85539106356345        414.62466339064412        411.60015603270614     

   415.61003804761879        414.40307686876378        411.43697555608821     

   415.36942302621617        414.18576938835866        411.27694624598286     

   415.13345450428204        413.97265831716476        411.12000725043890     

   414.90204275359736        413.76366261862404        410.96609889261293     

   414.67509977867854        413.55870282106946        410.81516264807664     

   414.45253928331636        413.35770098750578        410.66714112256295     

   414.23427663776158        413.16058068597346        410.52197803014133     

   414.02022884654389        412.96726696048512        410.37961817181463     

   413.81031451691280        412.77768630252297        410.24000741452994     

   413.60445382788714        412.59176662308704        410.10309267059347     

   413.40256849990311        412.40943722528289        409.96882187748446     

   413.20458176504803        412.23062877743865        409.83714397805750     

   413.01041833786883        412.05527328674157        409.70800890112810     

   412.82000438674442        411.88330407338304        409.58136754243299     

   412.63326750581086        411.71465574520369        409.45717174595768     

   412.45013668742877        411.54926417282729        409.33537428562505     

   412.27054229518205        411.38706646527550        409.21592884733735     

   412.09441603739862        411.22800094605310        409.09879001136511     

   411.92169094118185        411.07200712969529        408.98391323507610     

   411.75230132694406        410.91902569876777        408.87125483599743     

   411.58618278343124        410.76899848131097        408.76077197520556     

   411.42327214323063        410.62186842871984        408.65242264103614     

   411.26350745875084        410.47757959405084        408.54616563310924     

   411.10682797866593        410.33607711074796        408.44196054666247     

