   0.00000000000000000000000000000000000      
   66.8454598578540817108908165457912523      
   133.690919715708163421781633091582505      
   200.536379573562245132672449637373769      
   267.381839431416326843563266183165009      
   334.227299289270408554454082728956274      
   401.072759147124490265344899274747538      
   467.918219004978571976235715820538704      
   534.763678862832653687126532366330018      
   601.609138720686735398017348912121184      
   668.454598578540817108908165457912449      
   735.300058436394898819798982003703812      
   802.145518294248980530689798549495077      
   868.990978152103062241580615095286341      
   935.836438009957143952471431641077606      
   1002.68189786781122566336224818686877      
   1069.52735772566530737425306473266023      
   1136.37281758351938908514388127845150      
   1203.21827744137347079603469782424276      
   1270.06373729922755250692551437003422      
   1336.90919715708163421781633091582549      
   1403.75465701493571592870714746161656      
   1470.60011687278979763959796400740802      
   1537.44557673064387935048878055319928      
   1604.29103658849796106137959709899055      
   1671.13649644635204277227041364478181      
   1737.98195630420612448316123019057327      
   1804.82741616206020619405204673636454      
   1871.67287601991428790494286328215580      
   1938.51833587776836961583367982794707      
   2005.36379573562245132672449637373833      
   2072.20925559347653303761531291952940      
   2139.05471545133061474850612946532086      
   2205.90017530918469645939694601111193      
   2272.74563516703877817028776255690379      
   2339.59109502489285988117857910269485      
   2406.43655488274694159206939564848631      
   2473.28201474060102330296021219427738      
   2540.12747459845510501385102874006884      
   2606.97293445630918672474184528585991      
   2673.81839431416326843563266183165137      
   2740.66385417201735014652347837744244      
   2807.50931402987143185741429492323311      
   2874.35477388772551356830511146902458      
   2941.20023374557959527919592801481525      
   3008.04569360343367699008674456060671      
   3074.89115346128775870097756110639778      
   3141.73661331914184041186837765218845      
   3208.58207317699592212275919419797991      
   3275.42753303485000383365001074377059      
   3342.27299289270408554454082728956205      
   3409.11845275055816725543164383535311      
   3475.96391260841224896632246038114339      
   3542.80937246626633067721327692693485      
   3609.65483232412041238810409347272592      
   3676.50029218197449409899491001851738      
   3743.34575203982857580988572656430806      
   3810.19121189768265752077654311009912      
   3877.03667175553673923166735965589059      
   3943.88213161339082094255817620168165      
   4010.72759147124490265344899274747193      
   4077.57305132909898436433980929326339      
   4144.41851118695306607523062583905486      
   4211.26397104480714778612144238484553      
   4278.10943090266122949701225893063620      
   4344.95489076051531120790307547642766      
   4411.80035061836939291879389202221913      
   4478.64581047622347462968470856800901      
   4545.49127033407755634057552511380047      
   4612.33673019193163805146634165959193      
   4679.18219004978571976235715820538261      
   4746.02764990763980147324797475117407      
   4812.87310976549388318413879129696553      
   4879.71856962334796489502960784275541      
   4946.56402948120204660592042438854688      
   5013.40948933905612831681124093433834      
   5080.25494919691021002770205748012901      
   5147.10040905476429173859287402592047      
   5213.94586891261837344948369057171193      
   5280.79132877047245516037450711750261      
   5347.63678862832653687126532366329328      
   5414.48224848618061858215614020908553      
   5481.32770834403470029304695675487541      
   5548.17316820188878200393777330066688      
   5615.01862805974286371482858984645834      
   5681.86408791759694542571940639224980      
   5748.70954777545102713661022293803890      
   5815.55500763330510884750103948383036      
   5882.40046749115919055839185602962182      
   5949.24592734901327226928267257541249      
   6016.09138720686735398017348912120395      
   6082.93684706472143569106430566699542      
   6149.78230692257551740195512221278609      
   6216.62776678042959911284593875857676      
   6283.47322663828368082373675530436822      
   6350.31868649613776253462757185015890      
   6417.16414635399184424551838839594957      
   6484.00960621184592595640920494174103      
   6550.85506606970000766730002148753170      
   6617.70052592755408937819083803332238      
   6684.54598578540817108908165457911384      
   6751.39144564326225279997247112490451      
   6818.23690550111633451086328767069597      
   6885.08236535897041622175410421648744      
   6951.92782521682449793264492076227890      
   7018.77328507467857964353573730806957      
   7085.61874493253266135442655385386024      
   7152.46420479038674306531737039965170      
   7219.30966464824082477620818694544238      
   7286.15512450609490648709900349123384      
   7353.00058436394898819798982003702530      
   7419.84604422180306990888063658281676      
   7486.69150407965715161977145312860744      
   7553.53696393751123333066226967439890      
   7620.38242379536531504155308622018957      
