   772.951915475070959755192500936050750         770.835973655272770361653470155788708         733.839536878355558747255780186289551      

   772.246424883190703740146450009286224         766.196022799239741417065452840958782         710.494583900018312189884913652729789      

   770.792664806087651522399263621657731         760.137641027041040970303220114761479         694.223208991784586995176632461656270      

   768.494557499953073794833433077693637         753.426732696368155587189749922850349         681.614740037092299450703988794136368      

   765.380815092233100598601258928193427         746.511765624985430517756445247774948         671.248488290645203365449932080780029      

   761.552968521909519711137809385046903         739.616622296847174977735340169995361         662.399668862322680099275219903683252      

   757.140361619661269514858707852861401         732.840998899394034224177647651501116         654.642466344639348406731287548082628      

   752.272253343555624315496515620454708         726.222833743860367274073422928827424         647.702315696335878640761554617101422      

   747.064234156171727876043786500453894         719.771397444159889222972307674750325         641.390813950709618168129075762711100      

   741.613563981543621438453754283499896         713.483645581614657100017806266736551         635.573153952229854900141647283528494      

   735.999157411292915506343420221391054         707.351948935321059552486670272640879         630.150119897666760788716625015555939      

   730.283588150346709064603400818390974         701.367580238976946316490716018185880         625.047286233277624239903275791570754      

   724.515712541520904493622763390676111         695.522171982930056886510355805855663         620.208089132273710445762705026649593      

   718.733251204533754617833537179276185         689.808232607309168756435152621521576         615.589139024739064452046052678267105      

   712.965063717501730958030329554525824         684.219245042786244467749284761968847         611.156918292995795290432435408099710      

   707.233045234206130719080473244782536         678.749595229660500026113749884117532         606.885385340578518959255654450696660      

   701.553660018459265204376624199104807         673.394444359719937597527165037220326         602.754200096619840649551318617486544      

   695.939159156663963792938990428432830         668.149594536510541905540690139560756         598.747391237902634878415518929455181      

   690.398536894766479872926784557751762         663.011367472963426851791064636223164         594.852345786431220241423697470957833      

   684.938276579156459233377590897826516         657.976502155269019031383997517698833         591.059038387763960161173496596805574      

   679.562929982644711221359279226150080         653.042071519270644248735524605736473         587.359441052206498211050521027278872      

   674.275565989729466548317124770212556         648.205415948490983629496243694601015         583.747069919777201594909535605333086      

   669.078117475830267841938369635067772         643.464090808747107569924734891644656         580.216636642290836957237099471407667      

   663.971649155860012969608498185994996         638.815825332558891494727898766771234         576.763779927654353804074429916150992      

   658.956564231474531721255524674634357         634.258490516096783701055143466977456         573.384858650814069258163463744707676      

   654.032763717343389339653147485520010         629.790074095678292830247715830504886         570.076792320382702743362680613411578      

   649.199769215022902407683877897134887         625.408661048863659429509669681091725         566.836938005415297464337169150749216      

   644.456817470593559833578564889635205         621.112418389353816658096689626433457         563.662995351219643683092922224072398      

   639.802933160296462746994907283259857         616.899583290923151817558169583250832         560.552933243939952797136666320341484      

   635.236984881463639449549308339234901         612.768453788674229406773457088067337         557.504933164854689944437629047338284      

   630.757728190862586484488655091003786         608.717381474092192278318938029335324         554.517345413750431406538895649203241      

   626.363838655232042146165710941721360         604.744765731995076069586565236191693         551.588655256766636442682978687476579      

   622.053937201251733020851522706635717         600.849049169919905001193641166439808         548.717456728754119565408509668731814      

   617.826609529223200456792615454664349         597.028713969951019404066902148615571         545.902432340007514019061609853803678      

   613.680420951209652621850653530557927         593.282278954509007859580305200187366         543.142337337880444673974020164837508      

   609.613927703076961472087479808893964         589.608297205168499221545198234754862         540.435987482654327530457048831795024      

   605.625685539750175392738114905819664         586.005354110298722833138441299638661         537.782249535166525715234503543952753      

   601.714256237791504759728856379322379         582.472065745670913559969059971115092         535.180033837322520349035463749901560      

   597.878212486563931190930842687674135         579.007077514053981081490095188128911         532.628288508207694810363680324453735      

   594.116141539081929189699616617420364         575.609062986698679753364510164986650         530.125994887700772703250573274808439      

   590.426647908693018803682254826243188         572.276722902631205559322055693440635         527.672163943690934530474055123424668      

   586.808355332215281348280944074800565         569.008784291720861369686683639067251         525.265833423933141597795096174130710      

   583.259908169629320995744818677442462         565.803999695233533337088568215150667         522.906065583650760223271570939784113      

   579.779972371458396328794853919818340         562.661146463558303768730529312768181         520.591945358611356170645636432958191      

   576.367236114922185928066213395776123         559.579026115403734450925509051947858         518.322578883182452689547625008657253      

   573.020410186777713353070316975591497         556.556463746315729481219114064700684         516.097092275841005059034840738432503      

   569.738228172891943194722967517425290         553.592307477111502776478168767819654         513.914630632322535961073060216184889      

   566.519446500811072892298877614424537         550.685427934939969244543319234786597         511.774357180255699046470144456798256      

   563.362844370965822504801951916482344         547.834717761311253216819251427041442         509.675452559662749820250159086247010      

   560.267223603958418326934935168130768         545.039091142697559075183526364951085         507.617114201831081633609144657126032      

   557.231408425058951584883194065760068         542.297483360279669764638129019153538         505.598555785327082691633706762951704      

   554.254245202167187732538133557667911         539.608850356163606900599478971618979         503.619006752756356503579512759172853      

   551.334602149739726815456284193653383         536.972168313971229069788237574778454         501.677711875601782244775425710853060      

   548.471369008286426506111167065933587         534.386433252155883483855389864246656         499.773930857345888998021423433735738      

   545.663456706807356965877450075524808         531.850660628739830030110837947663875         497.906937967301622955531540354537630      

   542.909797013820461599164466796653435         529.363884956437292581213579806741500         496.076021699286213974286237320569528      

   540.209342181303485590453935233665804         526.925159427333603231711591291696031         494.280484450592494498835498102875310      

   537.561064584851327129104818553005851         524.533555546450828529740794953081238         492.519642217730144797258244791381575      

   534.963956362562144134534958598522311         522.188162773654174309905182305331145         490.792824306194919916062104928904921      

   532.417029054558622434629610134116516         519.888088173449587332010109574895849         489.099373052130156816342168036611776      

   529.919313244583375473485387188874178         517.632456072297654574677823874869866         487.438643554212792654649908398798463      

   527.469858204747570763043387062820614         515.420407723127039614266778224105558         485.810003414457387199232882394780666      

   525.067731544234940867963266161829223         513.251100976776065096655937258991647         484.212832486910634330506633299109906      

   522.712018862550347694981127714972127         511.123709960126562342297181399353897         482.646522633424386759761021599640763      

   520.401823407738384475208698292029193         509.037424760722009077780128505689779         481.110477485861816213744306199056973      

   518.136265739871827287598631478906345         506.991451117683996016682100188060150         479.604112214220179677968829414364481      

   515.914483400013378690986647760796757         504.985010118758538286760285520558394         478.126853300253391537988724981872208      

   513.735630584780364318766647805135016         503.017337903337708827621896136294361         476.678138316254867558739516765240484      

   511.598877826585670329652036392607378         501.087685371313312602082024986713934         475.257415708721042682633772073618558      

   509.503411679585251793134295984660480         499.195317897628455844736393717685602         473.864144586662529282288369104778867      

   507.448434411329919818848224313711440         497.339515052400366578039900377962682         472.497794514366128761820448570035960      

   505.433163700094453776224400443330105         495.519570326494056175485357967958816         471.157845308439191798480865459276379      

   503.456832337838553128239008701361608         493.734790862431658430552493447461966         469.843786838989956955441806990575193      

   501.518687938740329244017586222133156         491.984497190526759721185526696427799         468.555118834814884390023777789488665      

   499.617992653232852350531901796872368         490.268022970136909201678061427926624         467.291350692477721100537802650402195      

   497.754022887466873119348337270520532         488.584714735930901040595378564604419         466.052001289175919725843915321193105      

   495.926069028117585094103101137011456         486.933931649070451606490000320213758         464.836598799298726942890579557864570      

   494.133435172449684336671897505446105         485.315045253208630495492821200850067         463.644680514588255680544330968555696      

   492.375438863552631721541730964953684         483.727439235209905170387743416344931         462.475792667820540055306108520261415      

   490.651410830656634819843907323975541         482.170509190498970984945363447617197         461.329490259928238124195320690217753      

   488.960694734439211855694172575994684         480.643662392947697309692836319959989         460.205336890490522839098545274696217      

   487.302646917232103784451564447326661         479.146317569211554114767049569006822         459.102904591518961599205989780318036      

   485.676636158038626560031913987177599         477.677904677428813249508375248074324         458.021773664470965075145083444917281      

   484.082043432272199725789358340162565         476.237864690197661541672593479799810         456.961532520424791148428040635198913      

   482.518261676127669218274765249288712         474.825649381748131777458317407059111         455.921777523352200659729923785775983      

   480.984695555498099887945601917291652         473.440721119227462817815040187379263         454.902112836426740588134503073864155      

   479.480761239350899179200280878421002         472.082552658019149553248304992523809         453.902150271307325507250424520445175      

   478.005886177478411155692832582280120         470.750626941017543392674459024732470         452.921509140338336960374260931906118      

   476.559508882539461581804051638026503         469.444436901781419500552487516511975         451.959816111608891605210653883842966      

   475.141078716309718601435038637610389         468.163485271491442002505300113896998         451.016705066815264929739667177557431      

   473.750055680060143262042114441867326         466.907284389637936048417364553951323         450.091816961871715344075417722404909      

   472.385910208984227175774853445680198         465.675356018366818520191883037166553         449.184799690216146944004336804956888      

   471.048122970596141448531943719110693         464.467231160412949393793335228666676         448.295307948758188666500230111647156      

   469.736184667023344408366483248148216         463.282449880551545040633916399197277         447.423003106418361055169024254664083      

   468.449595841118610171713792017144242         462.120561130499644526025802584529867         446.567553075208055782917112869374914      

   467.187866686317841613008693965476291         460.981122577200941455006270981143389         445.728632183801072424021824482609718      

   465.950516860171416817348295150841258         459.863700434428588178080910946794528         444.905921053548445650314196691302246      

   464.737075301478185373895210280735965         458.767869297641847115605745485371334         444.099106476889257148140962024157941      

   463.547080050952578309084740012159126         457.693211982033706397447935844154156         443.307881298111062581822232175797631      

   462.380078075356621940582396290840776         456.639319363707794667933676765027433         442.531944296414476842656008756671798      

   461.235625095029950698839120781694214         455.605790223924123431815502844453404         441.771000071237352217653565213887506      

   460.113285414752196536898949949970550         454.592231096354355318548528149213408         441.024758929794855292427185479680682      

   459.012631757873392668870746958043064         453.598256117288443679962257191547750         440.292936776792600443034610330351362      

   457.933245103649266944344135501795656         452.623486878735613535804760753171107         439.575255006270831569767985185942079      

   456.874714527719515204973031892585238         451.667552284363756539139868727476572         438.871440395538460041392065435912661      

   455.836637045668337598949162577519317         450.730088408222393821715496210139970         438.181225001156566302902584154360405      

   454.818617459607691237825607633429187         449.810738356195420750471739873987964         437.504346056931755820785143726428890      

   453.820268207724861009067831492668832         448.909152130130887215293299391529198         436.840545873880527497947325703119258      

   452.841209216737077086204545502855397         448.024986494596086494892270069959438         436.189571742126564834514028042545574      

   451.881067757197013013769479888636447         447.157904846207225419084428994273030         435.551175834693597347450122622674215      

   450.939478301594082513317127256777332         446.307577085483928856655865153965625         434.925115113157202465168926190781639      

   450.016082385197516700065641486192015         445.473679491179792892806272789849598         434.311151235119626629751046022442146      

   449.110528469588246566244325188339034         444.655894597041143793336987685741645         433.709050463472398994176177575046233      

   448.222471808827638731091940387187774         443.853911070947084349823305141191810         433.118583577412192202168291837526136      

   447.351574318212135934982648728013202         443.067423596384815818017091062568084         432.539525785176052576060528715630514      

