   773.149803525992516160960535892373890         773.094301992432373194272605612549076         758.062232494617461162453297653763965      

   773.148360191094924882999989056095483         772.898206611697280263018737651621950         745.908699393263090645719182198451355      

   773.143232230343249854490812722796470         772.494940781471439429889421209396946         736.416492136895847445190727744326333      

   773.130057060354735569237154389038970         771.854878498599132768735346892909686         728.635808745247934030373145313287967      

   773.102587272293511961434715852778914         770.981039277300147409286380538884397         721.999811299961122735324557432570978      

   773.053137879365993124461616812060563         769.896479081505730927849674727988545         716.182239285190802233068607066345677      

   772.973285920052987361330683160107489         768.632973917278536552458094032091518         710.982426832183187993974325558128611      

   772.854614314343711219435654177701440         767.223651526309090004613800133308970         706.268229044771537078274073081914885      

   772.689345941837349157604153887928661         765.699111922066816892317066605598384         701.947649965194643695983518854379607      

   772.470792009442814090507070074651334         764.085840536460513215735649162500544         697.953782502653586172872997650624102      

   772.193603606607670789894710993629869         762.405896480407551474096635260218285         694.236247647437358849513996218115482      

   771.853854430636964297123470684771296         760.677213819441989400531239314153203         690.756030667294986004883895939308505      

   771.448998560715404590088694144906810         758.914141256067213836465461182282640         687.482208519432192551206654762393504      

   770.977747729981876160975437509702430         757.128029277525765401075707392553552         684.389788863467256257877663218049615      

   770.439905366144050671822319223297998         755.327777944096564226160621721451293         681.458233173808852714612862877947565      

   769.836185026584221729708136361742328         753.520312890918418361866576638694573         678.670417640714626243879042776197981      

   769.168031687688866294328357358035842         751.710983471567191621498579284595756         676.011883778174984550990608272507754      

   768.437456913793524151587227489210909         749.903888526639658625393525852655845         673.470286373138595397445907425805340      

   767.646893488381167592966178346401547         748.102139423477764126493871234937769         671.034979280431706591345506743465462      

   766.799071420156112865344917869352400         746.308070705181427508220178622090090         668.696699638631038719855455557083213      

   765.896914954991580645291693932758675         744.523407897232339440835979949959724         666.447323716940715532305900372208650      

   764.943458942808728590471575182669302         742.749400715362790199271812319187368         664.279675776392816762397934499266163      

   763.941782299997609821112331178663502         740.986928543262819480012211020599819         662.187376747334026829470895469023119      

   762.894956125730144109462578311333484         739.236583788940628329024896670547533         660.164723198587007369541530984443779      

   761.806004099363512265139084854089704         737.498737645975512485005922519078391         658.206589615113870386678656653724704      

   760.677872988680354784674321177328125         735.773591886531665217774854527964027         656.308348792173444410894135424149971      

   759.513411360050043636709256990200948         734.061219579969591193873771683912760         654.465806437791080472041768433818044      

   758.315354856435702975171976747726526         732.361597040063638745185454314931574         652.675147009671089344887112324129796      

   757.086316671978446593687691581287923         730.674628830757558869516530782037387         650.932888501991716816335702320088733      

   755.828782089776650289843910567082653         729.000167283076824159063073114387941         649.235844412308105978769338800015852      

   754.545106157323337733955375202177730         727.338027675573109074427414713114406         647.581091507398193550141596677886372      

   753.237513751277158541491080747335042         725.687999992078593007239797493601173         645.965942303032288157336700097912519      

   751.908101431682530702231447753636223         724.049857981081958519541183181820889         644.387921400201158540642165375020801      

   750.558840608447518269000698065914423         722.423366090650488602795593352231310         642.844744996449944667605753708212594      

   749.191581643256382747094803852909604         720.808284733481943414094235275052850         641.334303028123717683548174297571420      

   747.808058591523680910504077798508096         719.204374241980508806881958946265317         639.854643506740538105798154977249805      

   746.409894354613152433863445721318456         717.611397798129667651504883848705731         638.403958697231620954550953622391457      

   744.998606065112037785039388241214519         716.029123563344627226904655027289962         636.980572852592530932028245798151576      

   743.575610569848514976504825972745831         714.457326186223779202053002276775203         635.582931272498993116731404657179477      

   742.142229908573728788818575256954933         712.895787828639639829550799109170155         634.209590495660346957271340008300651      

   740.699696712470216101336836051046387         711.344298820896647510692838213159360         632.859209469428213012658987521733140      

   739.249159467270017728786253764591413         709.802658033134255999410909093726190         631.530541567242129965649077022772492      

   737.791687601890914160249330099577495         708.270673031497439986213054295594566         630.222427346275515860505014080310647      

   736.328276376038915193212660237205567         706.748160072823598142043238837817030         628.933787955237595939967649721333612      

   734.859851549914854649472351620524126         705.234943979903456457548025894123953         627.663619116548118305214296231433816      

   733.387273826594157931405845146036828         703.730857930127586119719526292407512         626.410985618707482655680593971077033      

   731.911343063295633698814539651311859         702.235743183024254507850330969290222         625.175016264168816583733311492567606      

   730.432802251996403180167891239142787         700.749448766427280938228237514229025         623.954899225802701858980934952190637      

   728.952341272987937460351147056459112         699.271831136465757223492344303280120         622.749877771464432438375995256051338      

   727.470600427242982950439299996755116         697.802753822987927577248519935730810         621.559246321493826360911977092026643      

   725.988173755065754629233141955758487         696.342087069218335100250291608158567         620.382346808410378533230074244660002      

   724.505612149579385043882024872376360         694.889707472241064914419786856611546         619.218565311780677018663289123278958      

   723.023426274284823655952886640814672         693.445497629175963260525124345346509         618.067328944365271770212144077175098      

   721.542089294298564534250182694311923         692.009345792568624679927071143328799         616.928102968306387248569818933726186      

   720.062039431017055877695579944495655         690.581145537469000998703431398946565         615.800388122382408029772169679808586      

   718.583682349921782771763702798929141         689.160795441864461349511148202003763         614.683718143299316688575650034706786      

   717.107393391076530232946800986456363         687.748198781510875983576535163524296         613.577657465669052172573741241161249      

   715.633519651612911336864609870321492         686.343263239730057125554642980080010         612.481799086785109921468495199372717      

   714.162381929179629129421762335014679         684.945900632382171071175119708429231         611.395762583583028482695094536549529      

   712.694276534966598714421194699099680         683.556026647952594503314625870198053         610.319192270297221246966566303535138      

   711.229476984523501476207691254106838         682.173560602494384835093611011539694         609.251755486319926711151734165854801      

   709.768235574186188239787585196836481         680.798425209024458982623274733340456         608.193141004652462898921758105569622      

   708.310784850513135083360411558042704         679.430546360871393793905058897679603         607.143057552129535771951519228728285      

   706.857338979725020062014020824024854         678.069852928405740279482886687025208         606.101232433307274970997796936610743      

   705.408095023738683601312633023156200         676.716276568542210028940297236150186         605.067410250545867161078788721524556      

   703.963234128996043586168843599841529         675.369751546381007014867142991758352         604.041351713397190707302022756665870      

   702.522922633911601385559426360660973         674.030214568348197328436257820111544         603.022832530934290667885975726001873      

   701.087313100400758683203720060773247         672.697604626198614443974068696081651         602.011642381139220141059021240779915      

   699.656545274606350939884408170608154         671.371862851256480894223103613406694         601.007583951904073697877666568850561      

   698.230746981613158678005425342845183         670.052932378286422831330848049273077         600.010472048601504035346914711188040      

   696.810034958629859097467261301298011         668.740758218409102767725995969430802         599.020132763549534958818835909448519      

   695.394515630824812814664347979315860         667.435287140499938723016952500037955         598.036402703034408118557142657977384      

   693.984285833725914646616169122098345         666.136467560535271158922140391445728         597.059128267867422616955071866955028      

   692.579433485834990417221731797532826         664.844249438377086623123670327327448         596.088164983739766172817778497407346      

   691.180038214863303835168665703007932         663.558584181514407929265481879960103         595.123376877905401637612117685882132      

   689.786171940765987857814894474037835         662.279424555306266640160888968508978         594.164635898968108200954266849008789      

   688.397899418538929837136191049829678         661.006724599297455593852804956575246         593.211821376776505505869598457607528      

   687.015278743541093476836537686593597         659.740439549203781182090700558268236         592.264819519641845354573522384909781      

   685.638361821917721626475124703792110         658.480525764188133159394642640251482         591.323522946288912613832287539637359      

   684.267194808524606591018910493593111         657.226940659072255731493856534315831         590.387830250131768377441531862963503      

   682.901818514589928036637608971967396         655.979642641151572099331567214396063         589.457645593634408245341226746001144      

   681.542268787197352768443733162250003         654.738591051301752636437111865180892         588.532878330672705830444568225508282      

   680.188576862531500960266529392197897         653.503746109085916132491636013537097         587.613442654959183603769564753662256      

   678.840769694693873265028188349035219         652.275068861590424016907920703819432         586.699257272727036311923591715878418      

   677.498870261773295884740083738850690         651.052521135735192551394967608321592         585.790245097995191095829931582863857      

   676.162897850739300052536029358308679         649.836065493821340599607404624306014         584.886332968852723843948966090026827      

   674.832868322619063246748834034013100         648.625665192094850318508933583429727         583.987451383309306747426277101064615      

   673.508794359318087141847121995046906         647.421284142119788884284743461302552         583.093534253359129553068022102310926      

   672.190685693351187024298343801738063         646.222886874768567669961609482134043         582.204518675999462234146341393904377      

   670.878549321663163375364123354281144         645.030438506649748894759334210771979         581.320344720032213209660240464492486      

   669.572389704637290668832160159947254         643.843904708806096683386458557592967         580.440955227557950037650416892567168      

   668.272208951314089984295360712130316         642.663251677526957231877216436118041         579.566295629147318959507710017391993      

   666.978006991772375080183087332372981         641.488446107129687862836226860511818         578.696313771745024112565018557441734      

   665.689781737558924544184550708628401         640.319455164574782228822291861503857         577.830959758426875713224843692506161      

   664.407529230992006834620335482789421         639.156246465788602156281311864304121         576.970185799191231205816014616551116      

   663.131243784107063304932195592134450         637.998788053576267114689960039000277         576.113946072022751690070712399199920      

   661.860918107959849835290938800831891         636.847048377015309577413694019062226         575.262196593519072491035850857571257      

   660.596543432952982743125249464604689         635.700996272228216125702666910610627         574.414895098420015076922158654815412      

   659.338109620805879391363512848852923         634.560600944438975524420284347035370         573.572000927424601768083695819775081      

   658.085605268745295342078699551818085         633.425831951225279656032800100388199         572.733474922723610925434162576186904      

   656.839017806453820728819133362474110         632.296659186884102671775074662906189         571.899279330714948010907296574686166      

   655.598333586276606177307077830681497         631.173052867834047646228698402973941         571.069377711405911091392829098300976      

   654.363537967152054286920684296580075         630.054983518983126223484222410505137         570.243734854040687713667193577310413      

   653.134615392700060447619774976441953         628.942421960995551297860465164498646         569.422316698523310035690333874554643      

   651.911549463871452668655189577544080         627.835339298395700100044362181490351         568.605090262235980759012074691168042      

   650.694323006534411403454203703725525         626.733706908451668007891933708159509         567.792023571880316423084837929197886      

   649.482918134347704792921266556064066         625.637496430784803329892332790035891         566.983085599994779018991977400996732      

   648.277316307246419793435534897620612         624.546679757655310175051246681728511         566.178246205825513802769711742794697      

   647.077498385843381876716981408534914         623.461229024877448961208812584401147         565.377476080250103600513421110021866      

   645.883444682028520435104874746599779         622.381116603321069518519414956627632         564.580746694474502225956700934621680      

   644.695135006028946648140121357732568         621.306315090959196344812730754039127         563.788030252242728365783652981733900      

   643.512548710174365678770376701560025         620.236797305424164501600179617833964         562.999299645316885536081096262040799      

   642.335664729595552845115825707985477         619.172536277037392017846702591041886         562.214528412001815716067404080769003      

   641.164461620067897423559705736888162         618.113505242280283650979320880183822         561.433690698504279875868151504670471      

   639.998917593197377502209363883077789         617.059677637676003704408058936424480         560.656761222931067744061390115615986      

   638.839010549132699887780591182651062         616.011027094053943746121840957336126         559.883715241743946188815023557866749      

   637.684718106974650706351667688971698         614.967527431170655161641529451038854         559.114528518501929749099610425525312      

   636.536017633041890072439627760168531         613.929152652662826426638310025488493         558.349177294733062596850144794628606      

   635.392886267141427554550879238985076         612.895876941309570040452409497161888         557.587638262788798528116208358715782      

   634.255300946981777833511782819306953         611.867674654582852828619559670036393         556.829888540544210314993313818923613      

   633.123238430857265511793978894287582         610.844520320466363816640132051189688         556.075905647816703884364583522712330      

   631.996675318723075684055684097557251         609.826388633524473564231868413639277         555.325667484384704715466124144552071      

   630.875588071772387185422498971663001         608.813254451204204681565371452566276         554.579152309495968613333584040665870      

   629.759953030619236094588236171840267         607.805092790354311700588638380787671         553.836338722762788554034929768462209      

   628.649746432183598703180611329375972         606.801878823946665573976368242645573         553.097205646348462647730923757299582      

   627.544944425368519108839335949224766         605.803587877986159434817458660822303         552.361732308355991767623615989868857      

   626.445523085612902715729615843921777         604.810195428596303098490463958792696         551.629898227336122876925140632118062      

   625.351458428397821457622761851116113         603.821677099268558990683888114366691         550.901683197837577045396762372718784      

   624.262726421778799913743644923239546         602.838008658264296273134207278364169         550.177067276927628899707857175923108      

   623.179302998011546127138278293868791         601.859166016159007129891436770877434         549.456030771616164090764410228059127      

   622.101164064333931221542913254108356         600.885125223519143399346120070265043         548.738554227120958694088414037511389      

   621.028285512962683977966328601480115         599.915862468702596647499782871164862         548.024618415916222939288433098644945      

   619.960643230359228156717824735291036         598.951354075774463780390418486579505         547.314204327510453311046252657685106      

   618.898213105815330848920748622347545         597.991576502530316557646939849350661         546.607293158903362375512798330741874      

   617.840971039405730256441133037358264         597.036506338619729845571355091931653         545.903866305675123745528150896188714      

   616.788892949351653103127358636970794         596.086120303763322884016443135645885         545.203905353664398170727752148816974      

   615.741954778836098683692926953437677         595.140395246057032794113017951943757         544.507392071194612362576140685621354      

   614.700132502308942822308229554283587         594.199308140357772404543525677687993         543.814308401810760235761675654072369      

   613.663402131317286276694079193950130         593.262836086745027439138333226918584         543.124636457491601099031032865512325      

   612.631739719894024919717551370743122         592.330956309053323251647720559206829         542.438358512304554303474923188742757      

   611.605121369535340823497037303088845         591.403646153470840535713231241439373         541.755456996472847376085323476027985      

   610.583523233795692490773626810031071         590.480883087199784567790793303581108         541.075914490826576294871345120759945      

   609.566921522526908060602679496073935         589.562644697174415223049214518653429         540.399713721611293064162674914377312      

   608.555292505786147246278687425859117         588.648908688832926789107979552375576         539.726837555629557146748410425329332      

   607.548612517435786627255092760939614         587.739652884939628932891461408091507         539.057268995692582932922892409425172      

   606.546857958456689948270205076355430         586.834855224454124395230974441676937         538.390991176360693960786807244549460      

   605.550005299994842117840781278109106         585.934493761444406346752321183453712         537.727987359952764132942964098383966      

   604.558031086159945048128074419154886         585.038546664041010001301416565228224         537.068240932806194229327282770026431      

   603.570911936593288266890334250109502         584.146992213429550133548720933977931         536.411735401770245601815867997763243      

   602.588624548821010776141207537898337         583.259808802879159594497121642325310         535.758454390916738577028113475919102      

   601.611145700407756802200084995853673         582.376974936804514701745437788828091         535.108381638453226862490939472747923      

   600.638452250924691172253293043570091         581.498469229859292375014725343916222         534.461500993824786801745414081154209      

   599.670521143744874751563094492421469         580.624270406059051905725455994022495         533.817796414991516919347792073710788      

   598.707329407678101738089235810721258         579.754357297931672050202902147450023         533.177251965869733736866019584192803      

   597.748854158456464034025755212465513         578.888708845693602424933830899855163         532.539851813925678887362796885305608      

   596.795072600081129110999976713705070         578.027304096450307616027383203328618         531.905580227911324354955320452498821      

   595.845962026040092767770458126098056         577.170122203419393605117810510961728         531.274421575732581171075291370044831      

   594.901499820405993232042596819726642         576.317142425175009629633025234688468         530.646360322440885790253804206167760      

   593.961663458822444723823045862829771         575.468344124912214966578286569742039         530.021381028339761071716866958996112      

   593.026430509386763657656084060788483         574.623706769730089849091879674405793         529.399468347198528498300425744522349      

   592.095778633436416118507945451816858         573.783209929932453253294893097235542         528.780607024565887940428048015732182      

   591.169685586246008311302753513560028         572.946833278345128056940617350067091         528.164781896176583684346038625318452      

   590.248129217641169760122850426885011         572.114556589648766469106095591915111         527.551977886444843163802310663831485      

   589.331087472535239702163527458383905         571.286359739726316032208148282534233         526.942180007038710258507393093138987      

   588.418538391394258132929501116897021         570.462222705024269248929768093828985         526.335373355529800381218438660707128      

   587.510460110635382217556328693806882         569.642125561926898308349920450378088         525.731543114113381944323146364998116      

   586.606830862963494337906031201668771         568.826048486142730776644010034631338         525.130674548394040109181545772948903      

   585.707628977650438080295694056440106         568.013971752102572756482217067976640         524.532753006232505776549898465686910      

   584.812832880761011293843582538303608         567.205875732368433164797938958172090         523.937763916649537249248646987156904      

   583.922421095329559390672297355241305         566.401740897052746672135981657854051         523.345692788783025448257713840256328      

   583.036372241490745851484254264729059         565.601547813247333712870673481940466         522.756525210894757442354000038113380      

   582.154665036567829079386601954021382         564.805277144461574023252135572448480         522.170246849423518710724579490411897      

   581.277278295121544041543057321039958         564.012909650069305588103411372515225         521.586843448081443255844985533966380      

   580.404190928962472370204531837303182         563.224426184763993858222213398973115         521.006300826990733591573245388033653      

   579.535381947129584661482387995361362         562.439807698021746807798187960428718         520.428604881858070839262676296394729      

   578.670830455837452587432431675175884         561.659035233571779991452570561502847         519.853741583184219687828654465145069      

   577.810515658394455170912633046740791         560.882089928873962380012163265655934         519.281696975506504757108015519957772      

   576.954416855094142275419754544826887         560.108953014603098538920210505049580         518.712457176671994827259126507239405      

   576.102513443081768207166713492134112         559.339605814139625789942752187733541         518.146008377139380279350272600765184      

   575.254784916197868544577447139524022         558.574029743066426483482326654635482         517.582336839307667696102864754927045      

   574.411210864800623184828318590761633         557.812206308671475515149663163339326         517.021428896869944606773333069994775      

   573.571770975568627461199679733644741         557.054117109456061848475043161066487         516.463270954190587487138612417627595      

   572.736445031285580418013114355009287         556.299743834648340150913272246633785         515.907849485704397959630678202502954      

   571.905212910608294353884184100590851         555.549068263721984801188174374562004         515.355151035336256252503070865623557      

   571.078054587819332020891886568933652         554.802072265919733564995939426146376         514.805162215939977903619135754612698      

   570.254950132565486896182858330881572         554.058737799781622239908920037907463         514.257869708755149930325935869863085      

   569.435879709583237257206959183764374         553.319046912677724610458856129962230         513.713260262880806693945585067419235      

   568.620823578412225958137105235580977         552.582981740345224197362226505227593         513.171320694764883895797864360077253      

   567.809762093097744418951879104423878         551.850524506429655592617446338405606         512.632037887708461951783076656671415      

   567.002675701883131023952288607315668         551.121657522030163702413905123306571         512.095398791383877777169796966565024      

   566.199544946892930532920717512911556         550.396363185248639026124676839190587         511.561390421365847119374548634817450      

   565.400350463807601909672169795442794         549.674623980742596232079739473844543         511.029999858674798327251570656864043      

   564.605072981530506865871719168377682         548.956422479281671795855590125428227         510.501214249331673141483694020883570      

   563.813693321847860120134045424470683         548.241741337307624387778670270201094         509.975020803923501012064308499278819      

   563.026192399082274620530110459642631         547.530563296497729073541855031974389         509.451406797179100856235484043556868      

   562.242551219740490527816623576319278         546.822871183331463262809155064593829         508.930359567554308306249281941799665      

   561.462750882155835379000968366580764         546.118647908660388740375643543395671         508.411866516826167586842624386785631      

   560.686772576125924334025708371693201         545.417876467281140075386515870778745         507.895915109695565417656079270847008      

   559.914597582546073554826507953358346         544.720539937511435256583946770789768         507.382492873397819951756877916241918      

   559.146207273038866391852939738477766         544.026621480769029573734741906505154         506.871587397320770920200581782232502      

   558.381583109580280987112453098880633         543.336104341153538583540687731465393         506.363186332629948023852631947761024      

   557.620706644122758985497497477489723         542.648971845031060486879698841637119         505.857277391900423355442654094270363      

   556.863559518215568129186127679595452         541.965207400621532425914925270594088         505.353848348754980394085559552110716      

   556.110123462622786455116853815062624         541.284794497588759105615860928254865         504.852887037508257028164707925755478      

   555.360380296939212494318649374992409         540.607716706633055774272966197170107         504.354381352816543257971228440395506      

   554.614311929204484164497836836778677         539.933957679086450980006959993388856         503.858319249332935825467385564162196      

   553.871900355515668842283993811945838         539.263501146510397672160124624420866         503.364688741367572125435471551500816      

   553.133127659638568295153097180527848         538.596330920295944153714380437188291         502.873477902552684472905204180143524      

   552.397976012617964648679426629754872         537.932430891266319128315975097220616         502.384674865512233231839998957365237      

   551.666427672387017272490586717750279         537.271785029281887636883450052685761         501.898267821535893538713974947916775      

   550.938464983376005304394757479215026         536.614377382847437056966358528434531         501.414245020257185464781994101137359      

   550.214070376120596418679562650064317         535.960192078721754554953214028188064         500.932594769335551529760848019623517      

   549.493226366869809308993376228269860         535.309213321529459448019666378425600         500.453305434142198579194465392609402      

   548.775915557193825130968448838305915         534.661425393375055859715338186557701         499.976365437449533234898701077635039      

   548.062120633591791771951261492590943         534.016812653459172849948624780114856         499.501763259124031484879110220806179      

   547.351824367099754226331602123032395         533.375359537696960875816060556353940         499.029487435822393553992734069294794      

   546.645009612898834500513008989455354         532.737050558338615002590015764691139         498.559526560690845043381472113912699      

   545.941659309923775300811686845689272         532.101870303591996742002161770954768         498.091869283067454495610349451605113      

   545.241756480471953223280408034559546         531.469803437247327754980031092376872         497.626504308187346080297787305048635      

   544.545284229812959222661344628897245         530.840834698303929924949930799821361         497.163420396890694045394061562979003      

   543.852225745798836747446552835343194         530.214948900598987491985921181864207         496.702606365333392982707200428546383      

   543.162564298475061051262822440057096         529.592130932438308043302804651719395         496.244051084700304850550590646350274      

   542.476283239692336792026059423379918         528.972365756229060187299039150610160         495.787743480920990116644153260651096      

   541.793366002719285076506197460375606         528.355638408114466701615699642109608         495.333672534387836363364444309003358      

   541.113796101856085568364240689017363         527.741933997610432845203038767430515         494.881827279676503265572089450407260      

   540.437557132049134123748849928120438         527.131237707244090364564431914379444         494.432196805268608036907599221918767      

   539.764632768506771623527732531275282         526.523534792194238509263201502000820         493.984770253276580270040494056331267      

   539.095006766316135210375746083774328         525.918810579933664105233666879935320         493.539536819170619594460327143736838      

   538.428662960061178989156713323132771         525.317050469873323419973898029155995         493.096485751507693764892928270595082      

   537.765585263441907388823693034961049         524.718239933008369194609801528715643         492.655606351662518695612273180862965      

   537.105757668894860793411554895795123         524.122364511566006817176551289729520         492.216887973560465590628161062243875      

   536.449164247214889709976822319314362         523.529409818655164172120397967866701         491.780320023412343705423362548049907      

   535.795789147178250635210062411264995         522.939361537917960225640768134280675         491.345891959451010429777302495220940      

   535.145616595167053893760489169398224         522.352205423182957897544946758974880         490.913593291669763319246131943415777      

   534.498630894795091035040757885956373         521.767927298120187230080281155817423         490.483413581562471439965885687306586      

   533.854816426535066877430002168706077         521.186513055897925294887416094321061         490.055342441865405941472469208483702      

   533.214157647347258966339142202744389         520.607948658841219682780127013476610         489.629369536300732148098138492099854      

   532.576639090309625053418092238051857         520.032220138092142799362540984270133         489.205484579321627673226228834786307      

   531.942245364249377196980890547285585         519.459313593271764544274245136073298         488.783677335858993123451641120023985      

   531.310961153376039217992764151106154         518.889215192143831284719807135361934         488.363937621069723881918982713407573      

   530.682771216916002511919307889905456         518.321911170280139346392156433083298         487.946255300086513251489096975794893      

   530.057660388748593605274554069483721         517.757387830727591538336121458106700         487.530620287769158907944309609196546      

   529.435613577043665348342993977340802         517.195631543676925504019799605846796         487.117022548457346169586110745763411      

   528.816615763900722244397416280187039         516.636628746133102950098213773661536         486.705452095724883040128987834613870      

   528.200652004989589123441713868087514         516.080365941587349048193186111338923         486.295898992135363334033372623891966      

   527.587707429192631168235033484150439         515.526829699690831534525055774607845         485.888353348999235454128951122091883      

   526.977767238248532185732698819137107         514.976006655929969248392887604820401         485.482805326132255566868557283081042      

   526.370816706397636982181943828841906         514.427883511303360054219853553744942         485.079245131615305016698369040275222      

   525.766841180028862739417811639559772         513.882447032000318284006450017475647         484.677663021555552843302274551302403      

   525.165826077328183398278940118676582         513.339684049081012018354648229215117         484.278049299848945218969504591084633      

   524.567756887928690227721552059424102         512.799581458158190695475076485977039         483.880394317944004512785745455545634      

   523.972619172562230990700324893994757         512.262126219080493699450381770954013         483.484688474606921518172431814292811      

   523.380398562712629406061993290613320         511.727305355617330732137354690639333         483.090922215687925154605515837801221      

   522.791080760270485945702894637910025         511.195105955145324918040681793429078         482.699086033888914676958774763064589      

   522.204651537189560394483083786636670         510.665515168336309728833915458542131         482.309170468532340100398612957769826      

   521.621096735144736033523120501350051         510.138520208846870944451992696600170         481.921166105331317178422434760746107      

   521.040402265191564782422157043367072         509.614108353009424991312552423206539         481.535063576160963859567226152719283      

   520.462554107427392149729544412292988         509.092266939524825115685595836521599         481.150853558830945697392124262499184      

   519.887538310654060390979038767568746         508.572983369156486961937219917371379         480.768526776859218201233247793349695      

   519.315340992042187857243389548538702         508.056245104426025231709175706450343         480.388073999246954594431016834248049      

   518.745948336797022132149683787605499         507.542039669310393201421211755359083         480.009486040254647894557801559585486      

   518.179346597825864199435873111382895         507.030354648940516972132151037979582         479.632753759179376648785157940998749      

   517.615522095407060554400343611884491         506.521177689301416418079959325751325         479.257868060133224048934295877763739      

   517.054461216860559869113100179328485         506.014496496933804888430779301594581         478.884819891822840516821239761278863      

   516.496150416220030541263329205573002         505.510298838637159801172135801164751         478.513600247330140192980717623833028      

   515.940576213906535198379288411194737         505.008572541174256348937774586732792         478.144200163894122082351278961209138      

   515.387725196403757991351092666666344         504.509305490977156614085077778331701         477.776610722693806910537712231372297      

   514.837584015934780292298595138903479         504.012485633854646464778783334295658         477.410823048632281025240550570431929      

   514.290139390140400210536651037716542         503.518100974701112675369898443916031         477.046828310121838940664372532707918      

   513.745378101758991155471156978087555         503.026139577206852783185342756274074         476.684617718870216369404489384234605      

   513.203286998307894505568763853090554         502.536589563569810260138087530008049         476.324182529667905817599173724559069      

   512.663852991766341287017409847593579         502.049439114208727641493364471794191         475.965514040176547036077288549411383      

   512.127063058259897623343667772448897         501.564676467477710315836625371163699         475.608603590718384823811637727649630      

   511.592904237746428587154635889134351         501.082289919382193739925569564053874         475.253442564066786871121378770914472      

   511.061363633703574966468720116688484         500.602267823296306899804180841589047         474.900022385237814509604084199802267      

   510.532428412817737349992462275200431         500.124598589681624895434694218041330         474.548334521282839404512402675796074      

   510.006085804674561837446080324336966         499.649270685807303580278644784740074         474.198370481082199383959934180151552      

   509.482323101450921591946518109726332         499.176272635471589239837652173617374         473.850121815139886748633136759218649      

   508.961127657608388370879319173309011         498.705593018724696344248043133276695         473.503580115379262546240647956636388      

   508.442486889588188099029851934588801         498.237220471593046459703657803089010         473.158737014939790427344009006039958      

   507.926388275507634482442100854161555         497.771143685804861451844708619567276         472.815584187974783824039004188878007      

   507.412819354858034603009783610551729         497.307351408517104161377929267351515         472.474113349450160310710992315298088      

   506.901767728204060381696279991262704         496.845832442043759778159516905966431         472.134316254944197117251415545361652      

   506.393221056884579752076542798438945         496.386575643585451184847454052227378         471.796184700448281870143668244230328      

   505.887167062714941345176729192209615         495.929569924960381585078838903731203         471.459710522168652736121372352589370      

   505.383593527690706450965661981115693         495.474804252336597774011548120635858         471.124885596329122237058775979801642      

   504.882488293692821990963316183302732         495.022267645965567451044456290589311         470.791701838974779093732656015450089      

   504.383839262194228209937366575853422         494.571949179917064015649237958615866         470.460151205776662540434045463983540      

   503.887634393967894772244859361646754         494.123837981815352327558588019581109         470.130225691837403632419418110230105      

   503.393861708796278929749494887152064         493.677923232576668952106279235316731         469.801917331497828144166158334177199      

   502.902509285182199413133310767228757         493.234194166147990450346484965671000         469.475218198144515728607639240227137      

   502.413565260061119686571090678391727         492.792640069247083311732987355931252         469.150120404018310076221737549695507      

   501.927017828514834196910517449951828         492.353250281103829164650325619807742         468.826616100023774878268423344565516      

   501.442855243486551242481219503311769         491.916014193202818936993164077959380         468.504697475539590460836258234805069      

   500.961065815497366083236932659641754         491.480921249027209675319385765159152         468.184356758229886015868204827789089      

   500.481637912364117912926694565810964         491.047960943803837766886678548792537         467.865586213856502412184030087047455      

   500.004559958918624315216181337972368         490.617122824249582344149684064383718         467.548378146092180623876630616010789      

   499.529820436728286828974144047257740         490.188396488318972686071245754425733         467.232724896334670865497496344484633      

   499.057407883818061253148000111959775         489.761771584953033464911284473885393         466.918618843521757573315600494048185      

   498.587310894393786328634220522031216         489.337237813829361721023076359885295         466.606052403947195419777043457211762      

   498.119518118566864443170377011748481         488.914784925113429481630412822561588         466.295018031077551594242745869685185      

   497.654018262080288015412948037612438         488.494402719211105972600073418104086         465.985508215369949627262193695516989      

   497.190800086036005225903190940120957         488.076081046522393404880705480691066         465.677515484090710078167981594149064      

   496.729852406623618775455526907227112         487.659809807196370349568816784475581         465.371032401134883446756048122162271      

   496.271164094850411365529354632954706         487.245578950887336747501241519096489         465.066051566846670709350034590980313      

   495.814724076272691610273335392968847         486.833378476512154630876161929784016         464.762565617840726917728244548130938      

   495.360521330728454106074753677606885         486.423198432008778665685592015702032         464.460567226824343336304951843592681      

   494.908544892071347401525334471765435         486.015028914095970654714265417124065         464.160049102420503628685065710044335      

   494.458783847905943628654260746172223         485.608860068034192171535366173407916         463.861003988991809639327630594974603      

   494.011227339324303575009655581054067         485.204682087387669526323946130116513         463.563424666465272349629374444535147      

   493.565864560643830995626888768096612         484.802485213787625294424887878469766         463.267303950157963620339774280159639      

   493.122684759146409984045662550345919         484.402259736696670668463903736755240         462.972634690603524363904661142448011      

   492.681677234818819242272047231537417         484.003995993174352924386668768399655         462.679409773379524821162851870799496      

   492.242831340094417110874503567352621         483.607684367643852321161525812250488         462.387622118935672646842409411924971      

   491.806136479596091242206110939287648         483.213315291659822782993468320376271         462.097264682422864537569023275810515      

   491.371582109880466822013769665556981         482.820879243677370741778975054207953         461.808330453523077164654433573690922      

   490.939157739183367267387265315872196         482.430366748822166546189925118413044         461.520812456280093201820433205851266      

   490.508852927166521352077909132000649         482.041768378661682872216994700954636         461.234703748931058265273497784281526      

   490.080657284665510733641869030622870         481.655074750977554598234938178439298         460.949997423738864610213524477444501      

   489.654560473438951880603689637758770         481.270276529539054635679902489619816         460.666686606825357453971997102613632      

   489.230552205918906421859643103628864         480.887364423877680234257964996818499         460.384764458005359821562272861075622      

   488.808622244962513964819433439581633         480.506329189062844308239630231174073         460.104224170621511834517555119888792      

   488.388760403604841453291424476902665         480.127161625478666357841960770569924         459.825058971379920388518388177818974      

   487.970956544812943160825912437915916         479.749852578601857586962946630871720         459.547262120186615189497198723854631      

   487.555200581241125440119732177217121         479.374392938780694845615954599867086         459.270826909984807141676763379730333      

   487.141482474987410374132038617350579         479.000773641015078052319705437698844         458.995746666592945104375106757860440      

   486.729792237351192499745348157062910         478.628985664737665778435024779983842         458.722014748543567057412303471689179      

   486.320119928592082800109197916018914         478.259020033596083703007201668435169         458.449624546922941737604618844248213      

   485.912455657689934187208756144726013         477.890867815236200673075557657309343         458.178569485211496831146698014852267      

   485.506789582106042721691308716674224         477.524520121086467130652976326386754         457.908843019125029828680187580195548      

   485.103111907545518842544823342570195         477.159968106143310693660684049542657         457.640438636456697671543183328975855      

   484.701412887720822904840899286934911         476.797202968757583704030355930441675         457.373349856919781339104106502332694      

   484.301682824116459349416491009854407         476.436215950422057581959336893839636         457.107570231991221548219886576133264      

   483.903912065754823854062925861218083         476.076998335559958850927961687644698         456.843093344755921756734609552601307      

   483.508091008963197841505862218555237         475.719541451314541723563037296093946         456.579912809751814683563151377456640      

   483.114210097141884745185705636863176         475.363836667339692163760798115964314         456.318022272815688578296025604844855      

   482.722259820533482459575117950658448         475.009875395591558365668220761758658         456.057415410929769493427252533059861      

   482.332230715993286427489817975676344         474.657649090121202615165543523772598         455.798085932069055832256325541593403      

   481.944113366760817842552733030344059         474.307149246868269524397124157488464         455.540027575049401465257481235838258      

   481.557898402232471470652173732561104         473.958367403455665654664241490208908         455.283234109376343727253040097041979      

   481.173576497735277619885089484413769         473.611295138985245567623864206017562         455.027699335094672627080577022773464      

   480.791138374301772814090161953384006         473.265924073834499369233453296209919         454.773417082638737620613585114371800      

   480.410574798445973750646539666466993         472.922245869454236835245134086629271         454.520381212683488316989101411790434      

   480.031876581940449148736893394922962         472.580252228167263231284597597765136         454.268585615996245506720005088011341      

   479.655034581594484119743086485801601         472.239934892968041964652329305856647         454.018024213289198919030488279741731      

   479.280039699033331716854406810732838         471.901285647323339228958612644684407         453.768690955072628134256254047585714      

   478.906882880478546346317663288866619         471.564296314973845826550551958857457         453.520579821508843095501664254478254      

   478.535555116529393748041515903446835         471.228958759736771377410386797062871         453.273684822266840681949349523156858      

   478.166047441945332278480506151874832         470.895264885309406146800856338136255         453.027999996377673824278392248865741      

   477.798350935429560253864001752353366         470.563206635073645747406500903640497         452.783519412090529660569493416668496      

   477.432456719413624136898555875092416         470.232775991901473995070693229615547         452.540237166729513248863649732716314      

   477.068355959843082375056152653869520         469.903964977961399220457969466012215         452.298147386551133370198656830905751      

   476.706039865964219723462849737675463         469.576765654525839362080933223298104         452.057244226602486973478834694984286      

   476.345499690111806910220038066426187         469.251170121779451189121652883585780         451.817521870580138830941137139315104      

   475.986726727497900526721726817951719         468.927170518628399025350045722148040         451.578974530689692990268444280910833      

   475.629712316001678050173926158005056         468.604759022510558368197192635220633         451.341596447506052626571337580733523      

   475.274447835960302930074517917870663         468.283927849206649819680774602523690         451.105381889834364914515832772614759      

   474.920924709960814694872315381511460         467.964669252652298768403758180413272         450.870325154571647557819040087854451      

   474.569134402633039059390812035704956         467.646975524751016284256947457499935         450.636420566569093630170020086515748      

   474.219068420443513037874041989814261         467.330838995188096709751904190293405         450.403662478495051398361547497184334      

   473.870718311490420091687790861697999         467.016252031245427454093833053714622         450.172045270698675815042288993353106      

   473.524075665299530364787997458334270         466.703207037617206518175129918512131         449.941563351074248385020121193161038      

   473.179132112621141084048580218933331         466.391696456226563300630172026813078         449.712211154926162125467921540612868      

   472.835879325228012225422221168830643         466.081712766043078256941344748998643         449.483983144834568356705006115144179      

   472.494309015714292570689055927209629         465.773248482901197005325986958366961         449.256873810521682076452211136002191      

   472.154412937295431303229054822770146         465.466296159319534494764615550161557         449.030877668718742686588069569782763      

   471.816182883609070314833526405410143         465.160848384321064872053162775800340         448.805989263033626857469182171104742      

   471.479610688516912419049098836705100         464.856897783254192706176716246139974         448.582203163819110330821201652203801      

   471.144688225907560689923278613775573         464.554437017614701249610064812297814         448.359513968041775478059240082682143      

   470.811407409500324168293859963089156         464.253458784868573437351884761221215         448.137916299151561446659301328796912      

   470.479760192649985200934735585304664         463.953955818275681345595297902591994         447.917404806951953742876793158506432      

   470.149738568152523700937772652855673         463.655920886714339852928432258065588         447.697974167470810114695485452296387      

   469.821334568051793640674154090374807         463.359346794506720267845141989699441         447.479619082831819614391590967605284      

   469.494540263447147111538781905524526         463.064226381245119707128810049819855         447.262334281126591735514037747375189      

   469.169347764302001307437881379798027         462.770552521619082030351768836790039         447.046114516287372534414510889700145      

   468.845749219253343811632760544451573         462.478318125243366156309925385044059         446.830954567960384661710451674019281      

   468.523736815422171589101737215039415         462.187516136486757607687253737835192         446.616849241379788244231855134088873      

   468.203302778224859109027552025368072         461.898139534301719150618494999616547         446.403793367242259573089302697121067      

   467.884439371185451044359181144198839         461.610181332054876416091253848338384         446.191781801582184568507065297854775      

   467.567138895748875017634919535507909         461.323634577358334410301259974177172         445.980809425647464006992139024082995      

   467.251393691095069884388027310955504         461.038492351901820841147427609571408         445.770871145775927511258520614631724      

   466.937196133954025067487247990062288         460.754747771285652208027042630835488         445.561961893272353318096653154092861      

   466.624538638421726477692273823298071         460.472393984854518621966474575239603         445.354076624286090854071502687232442      

   466.313413655777004577528928740520567         460.191424175532083342899783895300516         445.147210319689283163549866188918578      

   466.003813674299280167310664666773109         459.911831559656393040587000352963531         444.941357984955686248098936529702643      

   465.695731219087203493752142648081922         459.633609386816094805246208320889502         444.736514650040082390764512780068992      

   465.389158851878182303137435693939387         459.356750939687455953459405029398611         444.532675369258284553129173812433384      

   465.084089170868794482420001764112475         459.081249533872182694301909276096842         444.329835221167728947368837961352718      

   464.780514810536080952944304907899444         458.807098517736033739939396497231974         444.127989308448652899770999969379810      

   464.478428441459714502690096667180219         458.534291272248224964135922182466050         443.927132757785855136350138524825293      

   464.177822770145040264050208242805772         458.262821210821621231221065486921590         443.727260719751035635295875972162841      

   463.878690538846983565161558577834487         457.992681779153711537075070115475239         443.528368368685712205017982558420130      

   463.581024525394820903717277625039305         457.723866455068363622608067321374756         443.330450902584710960509771927130346      

   463.284817543017809812995711112681891         457.456368748358354239033619165191314         443.133503542980227884638339234498134      

   462.990062440171673410549955983434356         457.190182200628671262968397951776469         442.937521534826458674786941563100900      

   462.696752100365935440609825838384688         456.925300385140583878029295009928962         442.742500146384794089022092964446331      

   462.404879441992101641757122501271018         456.661716906656477058147099914396380         442.548434669109578019636112351021502      

   462.114437418152683291845159706139909         456.399425401285446606272577409862959         442.355320417534425535525379332243976      

   461.825419016491058802445020881611448         456.138419536329651020516757655988428         442.163152729159098148405868235469628      

   461.537817259022169255314413927685548         455.878693010131416478043006487934021         441.971926964336933571341081417642124      

   461.251625201964043793500595959002804         455.620239551921091245214413335695530         441.781638506162827251463717732828164      

   460.966835935570150799707069233191287         455.363052921665645840596679159025784         441.592282760361762972111710123456303      

   460.683442583962570814474989229272641         455.107126909918015295424455944213214         441.403855155177889832872058967071163      

   460.401438304965987166554874295886416         454.852455337667179874058430587800205         441.216351141264142929232578491828028      

   460.120816289942490307572664111591801         454.599032056188980634791803952265178         441.029766191572405066682658401133405      

   459.841569763627191862726845111664053         454.346850946897666229108632161931016         440.844095801244206857179811026886491      

   459.563691983964644428790651460107088         454.095905921198167355153210574174647         440.659335487501962558909508523402196      

   459.287176241946063170135668868723976         453.846190920339095298739727253364784         440.475480789540739033211991289875873      

   459.012015861447345282840926425436484         453.597699915266461012715225376483738         440.292527268420555205431718574060115      

   458.738204199067883416205171191712838         453.350426906478111202886923291787129         440.110470506959209429263300112086758      

   458.465734643970169160139895756315139         453.104365923878877906037574768127644         439.929306109625632166922453475593525      

   458.194600617720182725987245524288638         452.859511026636438062780235547159678         439.749029702433761410162130298471372      

   457.924795574128564967280586621078608         452.615856303037879605146958326855318         439.569636932836938279782795755441733      

   457.656312999092567905846684041740049         452.373395870346970595864986939455996         439.391123469622820253852275051721223      

   457.389146410438779947437540809473012         452.132123874662127973249379452909145         439.213485002808809487354939436452432      

   457.123289357766621989777400571280246         451.892034490775082472533074510624267         439.036717243537993698432629444163077      

   456.858735422292610644516636634790546         451.653121922030236311264638332450002         438.860815923975597108760937850900636      

   456.595478216695384813099658401763781         451.415380400184710243130701982239066         438.685776797205938937924628614131742      

   456.333511384961491874978979874693522         451.178804185269076601204828000095402         438.511595637129896963915376677941030      

   456.072828602231929764942632592542540         450.943387565448774968187638252365763         438.338268238362873674073999371373707      

   455.813423574649441234567584847903206         450.709124856886207127684894568429183         438.165790416133262542938232328811776      

   455.555290039206556610968167760250939         450.476010403603507966971251885211893         437.994158006181411985536197388597325      

   455.298421763594381384076123581267606         450.244038577345989018007999486852483         437.823366864659084546685329726854818      

   455.042812546052124971668198684436194         450.013203777446251339723666617217992         437.653412868029408898816986597046820      

   454.788456215217367029248618488918767         449.783500430688964460727289221915664         437.484291912967322232748557713081799      

   454.535346629977057689697718699015625         449.554922991176308117705807688831326         437.315999916260500637667942079099794      

   454.283477679319248135314880403473055         449.327465940194073540759881949836965         437.148532814710775078380049875587500      

   454.032843282185547922514138485354954         449.101123786078421052856758854053606         436.981886565036030589591830290606795      

   453.783437387324305496974815101399579         448.875891064083290766425093944146689         436.816057143772586318681513939782043      

   453.535253973144508354507683242734216         448.651762336248463175885200247424064         436.651040547178054060009586402383421      

   453.288287047570399320269898957377396         448.428732191268266460599453005021689         436.486832791134672935383769789719039      

   453.042530647896805436249662845552293         448.206795244360927328341901982125861         436.323429911053117886788272324352768      

   452.797978840645175964144688805480471         447.985946137138562244923910729915535         436.160827961776779658929059668884625      

   452.554625721420326027877476267566640         447.766179537477805911074231545992675         435.999023017486513960532192142214519      

   452.312465414767882437025505509440870         447.547490139391073863057710601952173         435.838011171605857504661642913578526      

   452.071492074032428249396206900160572         447.329872662898456088827172545219650         435.677788536706708639596745710676934      

   451.831699881216342647845295458468470         447.113321853900238566738328697170085         435.518351244415470293027796534553700      

   451.593083046839332723223211848576360         446.897832484050049649018156724825610         435.359695445319652963491630480155384      

   451.355635809798653772038368312449128         446.683399350628628227263479441950603         435.201817308874935504077488324373824      

   451.119352437230014734048059973236524         446.470017276418210632258791413054273         435.044713023312681454487452577968889      

   450.884227224369165411528663828810513         446.257681109577533235341107653514306         434.888378795547908688535441966625765      

   450.650254494414162128436503420155325         446.046385723517447733405100463936175         434.732810851087710155114477856181664      

   450.417428598388308504049898865075500         445.836126016777146114434408003548450         434.578005433940123501553945333127246      

   450.185743915003768031981840360518655         445.626896912900992315165099478630507         434.423958806523447379127133210505444      

   449.955194850525845171671807437573504         445.418693360315957597135222878908653         434.270667249576002241254717250009198      

   449.725775838637931675604893642953382         445.211510332209656681950496329413384         434.118127062066333455682313883239045      

   449.497481340307114891566972728868081         445.005342826408981701100885851757860         433.966334561103854562590040627068739      

   449.270305843650444795226542026838883         444.800185865259331030096391395445547         433.815286081849928521219435632729534      

   449.044243863801856524237483976159360         444.596034495504430091053188400182462         433.664977977429384798178372287447785      

   448.819289942779745200882678631071253         444.392883788166741222153691134112966         433.515406618842470161108013915458602      

   448.595438649355189846026557573093611         444.190728838428459726626462137422113         433.366568394877231051867645350533226      

   448.372684578920823202815690525415665         443.989564765513093228044533080624789         433.218459712022325423813647978654466      

   448.151022353360344304160715947572277         443.789386712567621472823968305059789         433.071076994380261938118206856170937      

   447.930446620918670633550740143307412         443.590189846545233734818733631003046         432.924416683581064424391805368731342      

   447.710952056072726744193108422003633         443.391969358088640990853468386279195         432.778475238696359521141425894660399      

   447.492533359402866216837567408416414         443.194720461413960049912935033500129         432.633249136153885421813883987457243      

   447.275185257464923851934658804062200         442.998438394195166832516073593423749         432.488734869652419662341127255543697      

   447.058902502662895006994079186328944         442.803118417449116010544050949390240         432.344928950077123896221875614094952      

   446.843679873122239005150073520434311         442.608755815421124231465800094459899         432.201827905415303613241912810553925      

   446.629512172563803556008065999785910         442.415345895471114164511621826258260         432.059428280672580767953904669271262      

   446.416394230178367144840032980946189         442.222883987960316619885800047715973         431.917726637789477294007060652472038      

   446.204320900501796361115949814387862         442.031365446138528005583188812604717         431.776719555558407490337514102203091      

   445.993287063290815152205355282905547         441.840785646031920399782690064298854         431.636403629541077275102213648283031      

