   773.14980369609214        773.09434490270405        758.07385117937974     

   773.14836146562175        772.89839875247105        745.92919600808352     

   773.14323740285431        772.49543597999650        736.44357718938727     

   773.13007217937775        771.85584841971797        728.66805018348873     

   773.10262298297494        770.98264853968624        722.03627067506523     

   773.05321038854106        769.89887086619410        716.22225752092868     

   772.97341740983109        768.63626452265862        711.02551464618568     

   772.85483279156028        767.22793049239795        706.31400784407197     

   772.68968462528994        765.70444490068974        701.99581750245034     

   772.47128840837195        764.09227312470875        698.00409156537023     

   772.19429844543447        762.41345807119501        694.28849210797375     

   771.85479054794496        760.68592104738991        690.81003594820913     

   771.45021987324617        758.92400090247247        687.53782484284511     

   770.97929831659371        757.13904063635596        684.44688632992415     

   770.44182869775841        755.33993470836447        681.51669808564748     

   769.83852334748906        753.53360463568401        678.73014969705946     

   769.17082554039962        751.72539680821956        676.07279389576024     

   768.44074479235337        749.91940799426061        673.53229496618178     

   767.65071160180969        748.11874817234354        671.09801488351718     

   766.80345354726751        746.32575101716736        668.76069779008571     

   765.90189237289542        744.54214157891420        666.51222604288773     

   764.94906041331069        742.76916939215084        664.34542923139850     

   763.94803410033637        741.00771387686427        662.25393297867367     

   762.90188211230975        739.25836763562177        660.23203800914496     

   761.81362579520714        737.52150216928237        658.27462250576502     

   760.68620968715823        735.79731963512313        656.37706256881597     

   759.52248023900074        734.08589353886089        654.53516687143588     

   758.32517109810578        732.38720066173278        652.74512254044498     

   757.09689358528067        730.70114605112349        651.00344997978800     

   755.84013123223622        729.02758252622789        649.30696486826400     

   754.55723745477201        727.36632585024461        647.65274595150242     

   753.25043561390908        725.71716648218910        646.03810754404526     

   751.92182086550963        724.07987863210178        644.46057588476322     

   750.57336332152943        722.45422719315593        642.91786866480061     

   749.20691214633121        720.83997300492615        641.40787718429351     

   747.82420029286209        719.23687680745627        639.92865070142636     

   746.42684964906050        717.64470217070470        638.47838262184803     

   745.01637641739183        716.06321762439768        637.05539824322261     

   743.59419659227410        714.49219816609286        635.65814382265194     

   742.16163143337076        712.93142628780288        634.28517677689842     

   740.71991285894637        711.38069263183820        632.93515685905152     

   739.27018870409029        709.83979636299500        631.60683818232246     

   737.81352780472935        708.30854532556941        630.29906198342189     

   736.35092488088094        706.78675603891770        629.01075003554638     

   734.88330520228214        705.27425357359948        627.74089863525649     

   733.41152902695990        703.77087134089606        626.48857309911932     

   731.93639580894626        702.27645082120102        625.25290271546976     

   730.45864817558925        700.79084125101201        624.03307610442153     

   728.97897567803875        699.31389928370970        622.82833694566921     

   727.49801832076719        697.84548863573536        621.63798003894522     

   726.01636987758354        696.38547972696085        620.46134766641853     

   724.53458100268131        694.93374932184543        619.29782623003655     

   723.05316214594347        693.49018017624576        618.14684313993803     

   721.57258628209797        692.05466069340036        617.00786393271676     

   720.09329146346090        690.62708459156511        615.88038960057895     

   718.61568320596950        689.20735058496575        614.76395411438011     

   717.14013671804651        687.79536207911519        613.65812212520314     

   715.66699898158015        686.39102688106232        612.56248683060244     

   714.19659069398870        684.99425692478530        611.47666799291130     

   712.72920807996820        683.60496801167051        610.40031009813436     

   711.26512458113848        682.22307956581699        609.33308064494099     

   709.80459243138898        680.84851440377201        608.27466855415673     

   708.34784412532372        679.48119851819138        607.22478268994303     

   706.89509378678792        678.12106087485972        606.18315048456122     

   705.44653844406389        676.76803322246417        605.14951665925912     

   704.00235921792978        675.42204991448352        604.12364203439597     

   702.56272242839987        674.08304774256146        603.10530242244909     

   701.12778062560358        672.75096578072350        602.09428759802165     

   699.69767354991586        671.42574523981693        601.09040033941335     

   698.27252902612508        670.10732933156532        600.09345553671233     

   696.85246379611294        668.79566314165538        599.10327936173871     

   695.43758429423042        667.49069351129299        598.11970849550607     

   694.02798736927593        666.19236892669619        597.14258940917978     

   692.62376095672289        664.90063941601488        596.17177769480054     

   691.22498470460073        663.61545645319802        595.20713744230443     

   689.83173055620568        662.33677286835268        594.24854065961881     

   688.44406329259959        661.06454276416684        593.29586673284052     

   687.06204103766095        659.79872143799503        592.34900192371231     

   685.68571572825863        658.53926530922558        591.40783890181115     

   684.31513355194875        657.28613185157883        590.47227630904058     

   682.95033535442849        656.03927953000027        589.54221835418957     

   681.59135701882860        654.79866774184040        588.61757443547651     

   680.23822981878493        653.56425676203014        587.69825878913935     

   678.89098074709545        652.33600769197892        586.78419016227133     

   677.54963282164636        651.11388241194368        585.87529150822445     

   676.21420537017229        649.89784353662992        584.97148970302044     

   674.88471429531273        648.68785437380564        584.07271528131685     

   673.56117232132328        647.48387888572063        583.17890219057620     

   672.24358922370595        646.28588165313988        582.28998756218095     

   670.93197204293824        645.09382784181082        581.40591149832267     

   669.62632528339918        643.90768317119864        580.52661687357613     

   668.32665109851223        642.72741388533245        579.65204915014351     

   667.03294946305778        641.55298672561844        578.78215620582546     

   665.74521833354004        640.38436890548473        577.91688817383749     

   664.46345379743479        639.22152808673127        577.05619729365787     

   663.18765021208310        638.06443235746815        576.20003777214060     

   661.91780033394775        636.91305021153210        575.34836565418823     

   660.65389543889910        635.76735052928188        574.50113870232235     

   659.39592543414506        634.62730255967472        573.65831628453793     

   658.14387896238873        633.49287590353720        572.81985926987113     

   656.89774349874506        632.36404049794851        571.98572993114476     

   655.65750544092043        631.24076660165940        571.15589185439944     

   654.42315019311775        630.12302478147444        570.33030985454650     

   653.19466224410189        629.01078589953408        569.50894989681387     

   651.97202523982946        627.90402110143043        568.69177902358615     

   650.75522205101686        626.80270180510422        567.87876528626418     

   649.54423483599760        625.70679969046535        567.06987768180034     

   648.33904509919307        624.61628668968910        566.26508609358461     

   647.13963374550190        623.53113497814172        565.46436123638273     

   645.94598113088750        622.45131696589067        564.66767460504593     

   644.75806710942834        621.37680528976148        563.87499842673196     

   643.57587107707445        620.30757280590160        563.08630561639552     

   642.39937201233806        619.24359258281879        562.30156973532257     

   641.22854851413115        618.18483789485776        561.52076495249810     

   640.06337883694448        617.13128221608986        560.74386600861146     

   638.90384092355566        616.08289921458334        559.97084818251869     

   637.74991243543388        615.03966274703032        559.20168725999054     

   636.60157078100201        614.00154685370546        558.43635950459054     

   635.45879314190415        612.96852575373350        557.67484163053382     

   634.32155649741685        611.94057384064467        556.91711077739217     

   633.18983764713028        610.91766567819798        556.16314448651679     

   632.06361323202316        609.89977599645545        555.41292067906056     

   630.94285975403739        608.88687968808722        554.66641763549012     

   629.82755359426142        607.87895180489522        553.92361397648335     

   628.71767102981403        606.87596755453887        553.18448864511925     

   627.61318824952150        605.87790229744712        552.44902089026891     

   626.51408136847067        604.88473154390908        551.71719025110508     

   625.42032644151527        603.89643095132533        550.98897654265556     

   624.33189947580922        602.91297632161400        550.26435984232455     

   623.24877644243247        601.93434359875755        549.54332047731884     

   622.17093328717397        600.96050886648209        548.82583901291468     

   621.09834594052995        599.99144834606147        548.11189624150711     

   620.03099032697014        599.02713839423473        547.40147317238961     

   618.96884237352492        598.06755550123239        546.69455102221195     

   617.91187801773958        597.11267628890278        545.99111120607063     

   616.86007321503848        596.16247750893058        545.29113532918723     

   615.81340394554263        595.21693604114387        544.59460517913658     

   614.77184622037612        594.27602889190211        543.90150271858352     

   613.73537608749780        593.33973319255938        543.21181007849623     

   612.70396963709152        592.40802619799922        542.52550955180186     

   611.67760300654561        591.48088528523522        541.84258358745444     

   610.65625238504936        590.55828795207310        541.16301478488617     

   609.63989401783374        589.64021181583121        540.48678588881728     

   608.62850421008125        588.72663461211323        539.81387978439761     

   607.62205933052780        587.81753419363326        539.14427949265905     

   606.62053581477733        586.91288852908588        538.47796816625646     

   605.62391016835022        586.01267570206141        537.81492908547807     

   604.63215896948418        585.11687391000146        537.15514565450542     

   603.64525887170339        584.22546146319360        536.49860139790746     

   602.66318660617367        583.33841678380043        535.84527995735198     

   601.68591898385819        582.45571840492426        535.19516508851893     

   600.71343289748665        581.57734496970147        534.54824065820299     

   599.74570532335326        580.70327523042693        533.90449064159134     

   598.78271332295242        579.83348804770617        533.26389911970568     

   597.82443404446690        578.96796238963293        532.62645027699637     

   596.87084472411561        578.10667733099092        531.99212839907841     

   595.92192268737335        577.24961205247871        531.36091787060059     

   594.97764535007059        576.39674583995520        530.73280317323747     

   594.03799021938107        575.54805808370554        530.10776888379644     

   593.10293489470655        574.70352827772547        529.48579967243188     

   592.17245706846461        573.86313601902350        528.86688030095922     

   591.24653452678751        573.02686100693950        528.25099562126275     

   590.32514515013759        572.19468304247869        527.63813057378854     

   589.40826691384541        571.36658202766046        527.02827018612027     

   588.49587788857696        570.54253796488103        526.42139957162908     

   587.58795624073286        569.72253095628889        525.81750392819436     

   586.68448023278711        568.90654120317231        525.21656853698983     

   585.78542822356735        568.09454900535900        524.61857876133092     

   584.89077866848322        567.28653476062573        524.02352004557952     

   584.00051011970345        566.48247896411942        523.43137791410140     

   583.11460122628898        565.68236220778658        522.84213797027360     

   582.23303073428212        564.88616517981347        522.25578589553788     

   581.35577748675723        564.09386866407340        521.67230744849849     

   580.48282042383471        563.30545353958371        521.09168846405817     

   579.61413858266042        562.52090077996945        520.51391485259433     

   578.74971109735475        561.74019145293539        519.93897259916855     

   577.88951719893237        560.96330671974442        519.36684776277013     

   577.03353621519454        560.19022783470325        518.79752647558951     

   576.18174757059705        559.42093614465398        518.23099494232054     

   575.33413078609601        558.65541308847196        517.66723943949080     

   574.49066547897019        557.89364019657000        517.10624631481460     

   573.65133136262648        557.13559909040714        516.54800198657176     

   572.81610824638494        556.38127148200374        515.99249294300716     

   571.98497603524868        555.63063917346096        515.43970574175069     

   571.15791472965748        554.88368405648544        514.88962700925708     

   570.33490442522793        554.14038811191858        514.34224344026325     

   569.51592531247979        553.40073340927040        513.79754179726228     

   568.70095767655084        552.66470210625766        513.25550890999409     

   567.88998189690085        551.93227644834633        512.71613167494968     

   567.08297844700508        551.20343876829713        512.17939705489016     

   566.27992789403845        550.47817148571687        511.64529207837876     

   565.48081089855191        549.75645710661138        511.11380383932396     

   564.68560821414030        549.03827822294352        510.58491949653580     

   563.89430068710362        548.32361751219401        510.05862627329145     

   563.10686925610185        547.61245773692599        509.53491145691191     

   562.32329495180386        546.90478174435248        509.01376239834752     

   561.54355889653073        546.20057246590738        508.49516651177305     

   560.76764230389517        545.49981291681956        507.97911127419070     

   559.99552647843575        544.80248619568954        507.46558422504154     

   559.22719281524735        544.10857548406977        506.95457296582384     

   558.46262279960922        543.41806404604722        506.44606515971930     

   557.70179800660821        542.73093522782904        505.94004853122510     

   556.94470010076122        542.04717245733059        505.43651086579303     

   556.19131083563343        541.36675924376709        504.93544000947395     

   555.44161205345586        540.68967917724626        504.43682386856807     

   554.69558568474054        540.01591592836553        503.94065040928115     

   553.95321374789376        539.34545324780993        503.44690765738505     

   553.21447834882906        538.67827496595294        502.95558369788330     

   552.47936168057822        538.01436499246120        502.46666667468151     

   551.74784602290163        537.35370731589910        501.98014479026176     

   551.01991374189834        536.69628600333772        501.49600630536145     

   550.29554728961534        536.04208519996496        501.01423953865594     

   549.57472920365626        535.39108912869858        500.53483286644496     

   548.85744210679047        534.74328208980080        500.05777472234234     

   548.14366870656204        534.09864846049572        499.58305359697010     

   547.43339179489840        533.45717269458828        499.11065803765450     

   546.72659424771985        532.81883932208621        498.64057664812640     

   546.02325902454857        532.18363294882261        498.17279808822366     

   545.32336916811926        531.55153825608272        497.70731107359745     

   544.62690780398941        530.92254000023036        497.24410437542042     

   543.93385814015039        530.29662301233827        496.78316682009813     

   543.24420346663965        529.67377219781929        496.32448728898260     

   542.55792715515361        529.05397253606043        495.86805471808907     

   541.87501265866058        528.43720908005798        495.41385809781394     

   541.19544351101649        527.82346695605509        494.96188647265654     

   540.51920332657949        527.21273136318121        494.51212894094186     

   539.84627579982714        526.60498757309324        494.06457465454616     

   539.17664470497425        526.00022092961876        493.61921281862431     

   538.51029389559130        525.39841684840110        493.17603269133946     

   537.84720730422521        524.79956081654598        492.73502358359440     

   537.18736894202073        524.20363839227025        492.29617485876526     

   536.53076289834235        523.61063520455241        491.85947593243651     

   535.87737334039946        523.02053695278482        491.42491627213832     

   535.22718451287062        522.43332940642779        490.99248539708526     

   534.58018073753101        521.84899840466528        490.56217287791719     

   533.93634641288043        521.26752985606265        490.13396833644140     

   533.29566601377223        520.68890973822556        489.70786144537681     

   532.65812409104547        520.11312409746165        489.28384192809932     

   532.02370527115613        519.54015904844277        488.86189955838921     

   531.39239425581195        518.97000077386940        488.44202416018004     

   530.76417582160718        518.40263552413694        488.02420560730855     

   530.13903481966020        517.83804961700355        487.60843382326698     

   529.51695617525115        517.27622943725987        487.19469878095583     

   528.89792488746286        516.71716143639924        486.78299050243902     

   528.28192602882132        516.16083213229172        486.37329905869979     

   527.66894474493949        515.60722810885750        485.96561456939816     

   527.05896625416176        515.05633601574323        485.55992720263032     

   526.45197584720972        514.50814256800004        485.15622717468830     

   525.84795888683072        513.96263454576240        484.75450474982210     

   525.24690080744608        513.41979879392898        484.35475024000249     

   524.64878711480276        512.87962222184524        483.95695400468520     

   524.05360338562571        512.34209180298740        483.56110645057663     

   523.46133526727158        511.80719457464801        483.16719803140046     

   522.87196847738448        511.27491763762305        482.77521924766603     

   522.28548880355333        510.74524815590075        482.38516064643744     

   521.70188210297033        510.21817335635160        481.99701282110425     

   521.12113430209115        509.69368052842020        481.61076641115324     

   520.54323139629764        509.17175702381877        481.22641210194138     

   519.96815944956006        508.65239025622157        480.84394062446989     

   519.39590459410340        508.13556770096159        480.46334275516011     

   518.82645303007303        507.62127689472794        480.08460931562934     

   518.25979102520341        507.10950543526559        479.70773117246898     

   517.69590491448741        506.60024098107579        479.33269923702346     

   517.13478109984828        506.09347125111844        478.95950446516986     

   516.57640604981179        505.58918402451604        478.58813785709941     

   516.02076629918099        505.08736714025838        478.21859045709948     

   515.46784844871229        504.58800849690977        477.85085335333707     

   514.91763916479260        504.09109605231646        477.48491767764324     

   514.37012517911865        503.59661782331682        477.12077460529872     

   513.82529328837745        503.10456188545163        476.75841535482044     

   513.28313035392864        502.61491637267716        476.39783118774943     

   512.74362330148779        502.12766947707814        476.03901340843947     

   512.20675912081128        501.64280944858365        475.68195336384701     

   511.67252486538422        501.16032459468329        475.32664244332221     

   511.14090765210705        500.68020328014518        474.97307207840061     

   510.61189466098620        500.20243392673558        474.62123374259653     

   510.08547313482501        499.72700501293940        474.27111895119685     

   509.56163037891628        499.25390507368235        473.92271926105622     

   509.04035376073659        498.78312270005438        473.57602627039307     

   508.52163070964201        498.31464653903464        473.23103161858688     

   508.00544871656473        497.84846529321754        472.88772698597620     

   507.49179533371228        497.38456772054036        472.54610409365785     

   506.98065817426703        496.92294263401197        472.20615470328698     

   506.47202491208799        496.46357890144327        471.86787061687829     

   505.96588328141365        496.00646544517838        471.53124367660809     

   505.46222107656638        495.55159124182785        471.19626576461752     

   504.96102615165813        495.09894532200246        470.86292880281638     

   504.46228642029791        494.64851677004890        470.53122475268844     

   503.96598985530022        494.20029472378639        470.20114561509729     

   503.47212448839548        493.75426837424470        469.87268343009345     

   502.98067840994099        493.31042696540362        469.54583027672209     

   502.49163976863451        492.86875979393346        469.22057827283197     

   502.00499677122787        492.42925620893692        468.89691957488560     

   501.52073768224335        491.99190561169212        468.57484637776929     

   501.03885082369027        491.55669745539734        468.25435091460560     

   500.55932457478366        491.12362124491614        467.93542545656533     

   500.08214737166406        490.69266653652483        467.61806231268150     

   499.60730770711871        490.26382293766017        467.30225382966358     

   499.13479413030421        489.83708010666896        466.98799239171291     

   498.66459524647036        489.41242775255853        466.67527042033902     

   498.19669971668549        488.98985563474878        466.36408037417681     

   497.73109625756297        488.56935356282469        466.05441474880450     

   497.26777364098928        488.15091139629129        465.74626607656279     

   496.80672069385321        487.73451904432864        465.43962692637467     

   496.34792629777661        487.32016646554848        465.13448990356619     

   495.89137938884596        486.90784366775227        464.83084764968794     

   495.43706895734601        486.49754070769018        464.52869284233776     

   494.98498404749415        486.08924769082120        464.22801819498409     

   494.53511375717613        485.68295477107449        463.92881645679017     

   494.08744723768331        485.27865215061229        463.63108041243896     

   493.64197369345112        484.87633007959312        463.33480288195966     

   493.19868238179856        484.47597885593700        463.03997672055397     

   492.75756261266935        484.07758882509137        462.74659481842400     

   492.31860374837407        483.68115037979834        462.45465010060082     

   491.88179520333370        483.28665395986286        462.16413552677380     

   491.44712644382423        482.89409005192243        461.87504409112074     

   491.01458698772296        482.50344918921729        461.58736882213907     

   490.58416640425531        482.11472195136247        461.30110278247741     

   490.15585431374370        481.72789896412053        461.01623906876875     

   489.72964038735699        481.34297089917538        460.73277081146330     

   489.30551434686163        480.95992847390738        460.45069117466346     

   488.88346596437344        480.57876245116961        460.16999335595858     

   488.46348506211143        480.19946363906490        459.89067058626102     

   488.04556151215223        479.82202289072427        459.61271612964276     

   487.62968523618554        479.44643110408651        459.33612328317332     

   487.21584620527165        479.07267922167830        459.06088537675754     

   486.80403443959898        478.70075823039610        458.78699577297533     

   486.39424000824408        478.33065916128885        458.51444786692116     

   485.98645302893158        477.96237308934121        458.24323508604499     

   485.58066366779627        477.59589113325899        457.97335088999364     

   485.17686213914578        477.23120445525444        457.70478877045309     

   484.77503870522463        476.86830426083333        457.43754225099167     

   484.37518367597943        476.50718179858296        457.17160488690371     

   483.97728740882508        476.14782835996090        456.90697026505404     

   483.58134030841262        475.79023527908521        456.64363200372361     

   483.18733282639732        475.43439393252527        456.38158375245541     

   482.79525546120885        475.08029573909397        456.12081919190132     

   482.40509875782186        474.72793215964055        455.86133203366967     

   482.01685330752827        474.37729469684507        455.60311602017384     

   481.63050974770999        474.02837489501303        455.34616492448100     

   481.24605876161360        473.68116433987183        455.09047255016225     

   480.86349107812521        473.33565465836762        454.83603273114289     

   480.48279747154731        472.99183751846351        454.58283933155406     

   480.10396876137600        472.64970462893871        454.33088624558445     

   479.72699581207974        472.30924773918821        454.08016739733341     

   479.35186953287894        471.97045863902434        453.83067674066399     

   478.97858087752695        471.63332915847843        453.58240825905744     

   478.60712084409170        471.29785116760388        453.33535596546812     

   478.23748047473850        470.96401657628002        453.08951390217896     

   477.86965085551458        470.63181733401728        452.84487614065785     

   477.50362311613350        470.30124542976279        452.60143678141469     

   477.13938842976154        469.97229289170718        452.35918995385919     

   476.77693801280481        469.64495178709257        452.11812981615918     

   476.41626312469748        469.31921422202106        451.87825055509978     

   476.05735506769082        468.99507234126440        451.63954638594322     

   475.70020518664376        468.67251832807472        451.40201155228920     

   475.34480486881387        468.35154440399583        451.16564032593647     

   474.99114554364974        468.03214282867566        450.93042700674414     

   474.63921868258450        467.71430589967974        450.69636592249469     

   474.28901579882984        467.39802595230537        450.46345142875691     

   473.94052844717152        467.08329535939669        450.23167790874987     

   473.59374822376583        466.77010653116093        450.00103977320748     

   473.24866676593672        466.45845191498523        449.77153146024375     

   472.90527575197410        466.14832399525471        449.54314743521843     

   472.56356690093344        465.83971529317085        449.31588219060393     

   472.22353197243586        465.53261836657163        449.08973024585214     

   471.88516276646942        465.22702580975169        448.86468614726238     

   471.54845112319146        464.92293025328371        448.64074446785014     

   471.21338892273172        464.62032436384112        448.41789980721569     

   470.87996808499656        464.31920084402083        448.19614679141426     

   470.54818056947431        464.01955243216736        447.97548007282649     

   470.21801837504103        463.72137190219780        447.75589433002898     

   469.88947353976778        463.42465206342757        447.53738426766660     

   469.56253814072846        463.12938576039699        447.31994461632428     

   469.23720429380910        462.83556587269845        447.10357013240014     

   468.91346415351722        462.54318531480521        446.88825559797920     

   468.59130991279301        462.25223703590018        446.67399582070720     

   468.27073380282104        461.96271401970591        446.46078563366558     

   467.95172809284270        461.67460928431547        446.24861989524709     

   467.63428508996986        461.38791588202417        446.03749348903125     

   467.31839713899950        461.10262689916181        445.82740132366155     

   467.00405662222897        460.81873545592606        445.61833833272232     

   466.69125595927227        460.53623470621653        445.41029947461658     

   466.37998760687731        460.25511783746975        445.20327973244457     

   466.07024405874404        459.97537807049480        444.99727411388284     

   465.76201784534317        459.69700865930980        444.79227765106350     

   465.45530153373653        459.42000289097939        444.58828540045494     

   465.15008772739736        459.14435408545256        444.38529244274213     

   464.84636906603220        458.87005559540199        444.18329388270826     

   464.54413822540317        458.59710080606322        443.98228484911658     

   464.24338791715172        458.32548313507561        443.78226049459306     

   463.94411088862245        458.05519603232335        443.58321599550936     

   463.64629992268846        457.78623297977748        443.38514655186657     

   463.34994783757736        457.51858749133885        443.18804738717944     

   463.05504748669773        457.25225311268167        442.99191374836118     

   462.76159175846732        456.98722342109778        442.79674090560877     

   462.46957357614099        456.72349202534184        442.60252415228928     

   462.17898589764042        456.46105256547713        442.40925880482570     

   461.88982171538419        456.19989871272230        442.21694020258462     

   461.60207405611879        455.94002416929868        442.02556370776347     

   461.31573598075033        455.68142266827823        441.83512470527887     

   461.03080058417754        455.42408797343290        441.64561860265525     

   460.74726099512492        455.16801387908367        441.45704082991398     

   460.46511037597708        454.91319420995131        441.26938683946349     

   460.18434192261401        454.65962282100719        441.08265210598933     

   459.90494886424699        454.40729359732529        440.89683212634503     

   459.62692446325502        454.15620045393473        440.71192241944374     

   459.35026201502274        453.90633733567273        440.52791852614996     

   459.07495484777843        453.65769821703907        440.34481600917201     

   458.80099632243343        453.41027710205043        440.16261045295522     

   458.52837983242165        453.16406802409585        439.98129746357523     

   458.25709880354054        452.91906504579293        439.80087266863211     

   457.98714669379245        452.67526225884467        439.62133171714493     

   457.71851699322701        452.43265378389685        439.44267027944687     

   457.45120322378386        452.19123377039631        439.26488404708067     

   457.18519893913663        451.95099639644997        439.08796873269489     

   456.92049772453754        451.71193586868429        438.91192006994049     

   456.65709319666240        451.47404642210569        438.73673381336789     

   456.39497900345714        451.23732231996127        438.56240573832451     

   456.13414882398416        451.00175785360091        438.38893164085312     

   455.87459636827032        450.76734734233906        438.21630733759031     

   455.61631537715482        450.53408513331834        438.04452866566555     

   455.35929962213862        450.30196560137267        437.87359148260100     

   455.10354290523424        450.07098314889191        437.70349166621145     

   454.84903905881583        449.84113220568690        437.53422511450492     

   454.59578194547106        449.61240722885503        437.36578774558382     

   454.34376545785267        449.38480270264665        437.19817549754652     

   454.09298351853147        449.15831313833178        437.03138432838921     

   453.84343007984944        448.93293307406827        436.86541021590864     

   453.59509912377439        448.70865707476969        436.70024915760513     

   453.34798466175437        448.48547973197424        436.53589717058583     

   453.10208073457341        448.26339566371456        436.37235029146893     

   452.85738141220787        448.04239951438780        436.20960457628792     

   452.61388079368351        447.82248595462659        436.04765610039641     

   452.37157300693292        447.60364968117028        435.88650095837380     

   452.13045220865422        447.38588541673727        435.72613526393081     

   451.89051258416981        447.16918790989769        435.56655514981571     

   451.65174834728657        446.95355193494674        435.40775676772148     

   451.41415374015594        446.73897229177874        435.24973628819248     

   451.17772303313518        446.52544380576143        435.09248990053254     

   450.94245052464942        446.31296132761173        434.93601381271264     

   450.70833054105384        446.10151973327112        434.78030425127997     

   450.47535743649706        445.89111392378209        434.62535746126650     

   450.24352559278486        445.68173882516550        434.47116970609858     

   450.01282941924484        445.47338938829790        434.31773726750686     

   449.78326335259140        445.26606058878986        434.16505644543673     

   449.55482185679188        445.05974742686499        434.01312355795881     

   449.32749942293270        444.85444492723894        433.86193494118032     

   449.10129056908676        444.65014813899995        433.71148694915684     

   448.87618984018121        444.44685213548900        433.56177595380416     

   448.65219180786585        444.24455201418135        433.41279834481094     

   448.42929107038208        444.04324289656807        433.26455052955157     

   448.20748225243307        443.84291992803855        433.11702893299969     

   447.98676000505361        443.64357827776331        432.97022999764158     

   447.76711900548145        443.44521313857757        432.82415018339100     

   447.54855395702890        443.24781972686537        432.67878596750313     

   447.33105958895493        443.05139328244405        432.53413384449021     

   447.11463065633836        442.85592906844965        432.39019032603659     

   446.89926193995097        442.66142237122261        432.24695194091481     

   446.68494824613219        442.46786850019407        432.10441523490181     

   446.47168440666326        442.27526278777265        431.96257677069582     

   446.25946527864295        442.08360058923216        431.82143312783302     

   446.04828574436345        441.89287728259944        431.68098090260565     

   445.83814071118707        441.70308826854273        431.54121670797952     

   445.62902511142323        441.51422897026117        431.40213717351230     

   445.42093390220634        441.32629483337399        431.26373894527262     

   445.21386206537431        441.13928132581094        431.12601868575877     

   445.00780460734723        440.95318393770299        430.98897307381850     

   444.80275655900726        440.76799818127347        430.85259880456869     

   444.59871297557874        440.58371959072980        430.71689258931599     

   444.39566893650880        440.40034372215609        430.58185115547712     

   444.19361954534878        440.21786615340568        430.44747124650024     

   443.99255992963623        440.03628248399451        430.31374962178631     

   443.79248524077730        439.85558833499522        430.18068305661092     

   443.59339065392976        439.67577934893131        430.04826834204653     

   443.39527136788695        439.49685118967227        429.91650228488521     

   443.19812260496155        439.31879954232880        429.78538170756144     

   443.00193961087086        439.14162011314897        429.65490344807569     

   442.80671765462159        438.96530862941455        429.52506435991785     

   442.61245202839638        438.78986083933785        429.39586131199178     

   442.41913804743979        438.61527251195957        429.26729118853945     

   442.22677104994546        438.44153943704629        429.13935088906601     

   442.03534639694391        438.26865742498933        429.01203732826491     

   441.84485947219031        438.09662230670352        428.88534743594346     

   441.65530568205344        437.92542993352674        428.75927815694899     

   441.46668045540480        437.75507617711980        428.63382645109499     

   441.27897924350839        437.58555692936693        428.50898929308789     

   441.09219751991094        437.41686810227668        428.38476367245391     

   440.90633078033295        437.24900562788349        428.26114659346683     

   440.72137454255989        437.08196545814928        428.13813507507541     

   440.53732434633412        436.91574356486615        428.01572615083171     

   440.35417575324743        436.75033593955908        427.89391686881942     

   440.17192434663400        436.58573859338924        427.77270429158267     

   439.99056573146379        436.42194755705793        427.65208549605535     

   439.81009553423655        436.25895888071068        427.53205757349048     

   439.63050940287650        436.09676863384209        427.41261762939007     

   439.45180300662724        435.93537290520123        427.29376278343540     

   439.27397203594745        435.77476780269694        427.17549016941751     

   439.09701220240675        435.61494945330429        427.05779693516803     

   438.92091923858248        435.45591400297099        426.94068024249049     

   438.74568889795677        435.29765761652448        426.82413726709188     

   438.57131695481399        435.14017647757964        426.70816519851439     

   438.39779920413901        434.98346678844655        426.59276124006783     

   438.22513146151562        434.82752477003885        426.47792260876213     

   438.05330956302583        434.67234666178280        426.36364653524009     

   437.88232936514942        434.51792872152652        426.24993026371078     

   437.71218674466377        434.36426722544974        426.13677105188304     

   437.54287759854475        434.21135846797398        426.02416617089921     

   437.37439784386754        434.05919876167320        425.91211290526951     

   437.20674341770837        433.90778443718483        425.80060855280652     

   437.03991027704637        433.75711184312144        425.68965042455989     

   436.87389439866610        433.60717734598251        425.57923584475162     

   436.70869177906064        433.45797733006697        425.46936215071145     

   436.54429843433502        433.30950819738575        425.36002669281271     

   436.38071040010988        433.16176636757535        425.25122683440850     

   436.21792373142637        433.01474827781124        425.14295995176781     

   436.05593450265053        432.86845038272196        425.03522343401266     

   435.89473880737893        432.72286915430391        424.92801468305481     

   435.73433275834429        432.57800108183579        424.82133111353323     

   435.57471248732190        432.43384267179442        424.71517015275180     

   435.41587414503618        432.29039044777016        424.60952924061718     

   435.25781390106795        432.14764095038322        424.50440582957708     

   435.10052794376196        432.00559073720024        424.39979738455889     

   434.94401248013514        431.86423638265109        424.29570138290859     

   434.78826373578505        431.72357447794661        424.19211531432967     

   434.63327795479870        431.58360163099616        424.08903668082286     

   434.47905139966224        431.44431446632581        423.98646299662585     

   434.32558035117069        431.30570962499695        423.88439178815310     

   434.17286110833828        431.16778376452555        423.78282059393661     

   434.02088998830908        431.03053355880110        423.68174696456617     

   433.86966332626838        430.89395569800678        423.58116846263044     

   433.71917747535429        430.75804688853952        423.48108266265825     

   433.56942880656959        430.62280385293042        423.38148715106001     

   433.42041370869447        430.48822332976602        423.28237952606952     

   433.27212858819934        430.35430207360946        423.18375739768618     

   433.12456986915799        430.22103685492203        423.08561838761705     

   432.97773399316173        430.08842445998584        422.98796012921974     

   432.83161741923334        429.95646169082568        422.89078026744545     

   432.68621662374164        429.82514536513236        422.79407645878183     

   432.54152810031661        429.69447231618574        422.69784637119670     

   432.39754835976493        429.56443939277847        422.60208768408182     

   432.25427392998552        429.43504345913993        422.50679808819672     

   432.11170135588623        429.30628139486066        422.41197528561332     

   431.96982719930014        429.17815009481706        422.31761698966028     

   431.82864803890294        429.05064646909665        422.22372092486796     

   431.68816047013019        428.92376744292324        422.13028482691351     

   431.54836110509535        428.79750995658310        422.03730644256626     

   431.40924657250810        428.67187096535116        421.94478352963341     

   431.27081351759296        428.54684743941732        421.85271385690595     

   431.13305860200842        428.42243636381363        421.76109520410483     

   430.99597850376648        428.29863473834149        421.66992536182750     

   430.85956991715244        428.17543957749933        421.57920213149447     

   430.72382955264521        428.05284791041061        421.48892332529641     

   430.58875413683819        427.93085678075209        421.39908676614152     

   430.45434041235995        427.80946324668270        421.30969028760262     

   430.32058513779600        427.68866438077248        421.22073173386542     

   430.18748508761041        427.56845726993203        421.13220895967606     

   430.05503705206826        427.44883901534212        421.04411983028979     

   429.92323783715801        427.32980673238416        420.95646222141909     

   429.79208426451447        427.21135755057020        420.86923401918278     

   429.66157317134247        427.09348861347388        420.78243312005498     

   429.53170141034025        426.97619707866164        420.69605743081405     

   429.40246584962352        426.85948011762412        420.61010486849261     

   429.27386337265040        426.74333491570781        420.52457336032705     

   429.14589087814568        426.62775867204738        420.43946084370748     

   429.01854528002644        426.51274859949802        420.35476526612808     

   428.89182350732750        426.39830192456822        420.27048458513764     

   428.76572250412733        426.28441588735302        420.18661676829026     

   428.64023922947433        426.17108774146720        420.10315979309632     

   428.51537065731372        426.05831475397940        420.02011164697382     

   428.39111377641416        425.94609420534579        419.93747032719966     

   428.26746559029556        425.83442338934486        419.85523384086144     

   428.14442311715652        425.72329961301205        419.77340020480949     

   428.02198338980259        425.61272019657463        419.69196744560884     

   427.90014345557466        425.50268247338732        419.61093359949183     

   427.77890037627770        425.39318378986786        419.53029671231064     

   427.65825122811003        425.28422150543309        419.45005483949018     

   427.53819310159270        425.17579299243522        419.37020604598132     

   427.41872310149938        425.06789563609829        419.29074840621394     

   427.29983834678649        424.96052683445555        419.21168000405083     

   427.18153597052384        424.85368399828627        419.13299893274120     

   427.06381311982534        424.74736455105358        419.05470329487497     

   426.94666695578030        424.64156592884217        418.97679120233670     

   426.83009465338500        424.53628558029664        418.89926077626035     

   426.71409340147443        424.43152096655979        418.82211014698373     

   426.59866040265462        424.32726956121144        418.74533745400367     

   426.48379287323513        424.22352885020757        418.66894084593099     

   426.36948804316199        424.12029633181970        418.59291848044569     

   426.25574315595071        424.01756951657450        418.51726852425293     

   426.14255546862012        423.91534592719370        418.44198915303843     

   426.02992225162581        423.81362309853455        418.36707855142481     

   425.91784078879471        423.71239857753011        418.29253491292752     

   425.80630837725943        423.61166992313036        418.21835643991136     

   425.69532232739289        423.51143470624316        418.14454134354736     

   425.58487996274380        423.41169050967562        418.07108784376931     

   425.47497861997192        423.31243492807607        417.99799416923094     

   425.36561564878377        423.21366556787575        417.92525855726336     

   425.25678841186897        423.11538004723133        417.85287925383238     

   425.14849428483626        423.01757599596732        417.78085451349619     

   425.04073065615069        422.92025105551897        417.70918259936349     

   424.93349492707017        422.82340287887541        417.63786178305133     

   424.82678451158313        422.72702913052296        417.56689034464364     

   424.72059683634609        422.63112748638895        417.49626657264957     

   424.61492934062142        422.53569563378556        417.42598876396244     

   424.50977947621578        422.44073127135408        417.35605522381843     

   424.40514470741869        422.34623210900952        417.28646426575597     

   424.30102251094121        422.25219586788506        417.21721421157474     

   424.19741037585527        422.15862028027760        417.14830339129549     

   424.09430580353290        422.06550308959260        417.07973014311978     

   423.99170630758630        421.97284205028990        417.01149281338951     

   423.88960941380748        421.88063492782959        416.94358975654762     

   423.78801266010902        421.78887949861797        416.87601933509791     

   423.68691359646436        421.69757354995409        416.80877991956578     

   423.58630978484882        421.60671487997627        416.74186988845901     

   423.48619879918084        421.51630129760900        416.67528762822838     

   423.38657822526352        421.42633062251025        416.60903153322920     

   423.28744566072623        421.33680068501872        416.54310000568199     

   423.18879871496694        421.24770932610164        416.47749145563449     

   423.09063500909429        421.15905439730261        416.41220430092312     

   422.99295217587036        421.07083376068982        416.34723696713473     

   422.89574785965362        420.98304528880459        416.28258788756875     

   422.79901971634200        420.89568686460990        416.21825550319937     

   422.70276541331663        420.80875638143937        416.15423826263793     

   422.60698262938513        420.72225174294670        416.09053462209556     

   422.51166905472610        420.63617086305470        416.02714304534589     

   422.41682239083309        420.55051166590533        415.96406200368807     

   422.32244035045943        420.46527208580954        415.90128997590989     

   422.22852065756280        420.38045006719727        415.83882544825093     

   422.13506104725053        420.29604356456827        415.77666691436639     

   422.04205926572507        420.21205054244234        415.71481287529042     

   421.94951307022927        420.12846897531051        415.65326183940027     

   421.85742022899268        420.04529684758626        415.59201232237996     

   421.76577852117759        419.96253215355665        415.53106284718496     

   421.67458573682541        419.88017289733403        415.47041194400612     

   421.58383967680345        419.79821709280810        415.41005815023442     

   421.49353815275185        419.71666276359787        415.35000001042584     

   421.40367898703084        419.63550794300392        415.29023607626601     

   421.31426001266829        419.55475067396111        415.23076490653540     

   421.22527907330721        419.47438900899135        415.17158506707449     

   421.13673402315402        419.39442101015663        415.11269513074939     

   421.04862272692668        419.31484474901225        415.05409367741720     

   420.96094305980330        419.23565830656037        414.99577929389187     

   420.87369290737058        419.15685977320373        414.93775057391008     

   420.78687016557336        419.07844724869943        414.88000611809730     

   420.70047274066332        419.00041884211350        414.82254453393421     

   420.61449854914889        418.92277267177479        414.76536443572286     

   420.52894551774483        418.84550686523005        414.70846444455350     

   420.44381158332214        418.76861955919856        414.65184318827119     

   420.35909469285866        418.69210889952706        414.59549930144271     

   420.27479280338918        418.61597304114542        414.53943142532370     

   420.19090388195633        418.54021014802169        414.48363820782572     

   420.10742590556157        418.46481839311826        414.42811830348404     

   420.02435686111642        418.38979595834746        414.37287037342475     

   419.94169474539376        418.31514103452793        414.31789308533257     

   419.85943756497977        418.24085182134087        414.26318511341907     

   419.77758333622569        418.16692652728659        414.20874513839027     

   419.69613008520002        418.09336336964157        414.15457184741490     

   419.61507584764092        418.02016057441517        414.10066393409306     

   419.53441866890876        417.94731637630690        414.04702009842435     

   419.45415660393923        417.87482901866406        413.99363904677665     

   419.37428771719613        417.80269675343914        413.94051949185490     

   419.29481008262485        417.73091784114780        413.88766015267026     

   419.21572178360600        417.65949055082677        413.83505975450885     

   419.13702091290901        417.58841315999240        413.78271702890129     

   419.05870557264626        417.51768395459874        413.73063071359201     

   418.98077387422722        417.44730122899659        413.67879955250891     

   418.90322393831303        417.37726328589207        413.62722229573279     

   418.82605389477106        417.30756843630576        413.57589769946765     

   418.74926188262998        417.23821499953215        413.52482452601032     

   418.67284605003459        417.16920130309887        413.47400154372065     

   418.59680455420141        417.10052568272647        413.42342752699210     

   418.52113556137425        417.03218648228824        413.37310125622179     

   418.44583724677977        416.96418205377046        413.32302151778151     

   418.37090779458367        416.89651075723231        413.27318710398799     

   418.29634539784695        416.82917096076665        413.22359681307415     

   418.22214825848198        416.76216104046040        413.17424944916002     

   418.14831458720965        416.69547938035572        413.12514382222372     

   418.07484260351578        416.62912437241056        413.07627874807309     

   418.00173053560843        416.56309441646039        413.02765304831672     

   417.92897662037507        416.49738792017928        412.97926555033598     

   417.85657910334015        416.43200329904164        412.93111508725639     

   417.78453623862271        416.36693897628379        412.88320049791969     

   417.71284628889430        416.30219338286634        412.83552062685573     

   417.64150752533703        416.23776495743607        412.78807432425464     

   417.57051822760207        416.17365214628819        412.74086044593906     

   417.49987668376787        416.10985340332923        412.69387785333674     

   417.42958119029919        416.04636719003929        412.64712541345273     

   417.35963005200574        415.98319197543543        412.60060199884236     

   417.29002158200149        415.92032623603433        412.55430648758403     

   417.22075410166389        415.85776845581586        412.50823776325194     

   417.15182594059354        415.79551712618627        412.46239471488934     

   417.08323543657360        415.73357074594202        412.41677623698178     

   417.01498093553010        415.67192782123340        412.37138122943026     

   416.94706079149165        415.61058686552866        412.32620859752484     

   416.87947336655014        415.54954639957811        412.28125725191830     

   416.81221703082088        415.48880495137837        412.23652610859972     

   416.74529016240365        415.42836105613696        412.19201408886840     

   416.67869114734316        415.36821325623703        412.14772011930785     

   416.61241837959062        415.30836010120191        412.10364313175990     

   416.54647026096461        415.24880014766063        412.05978206329894     

   416.48084520111274        415.18953195931260        412.01613585620640     

   416.41554161747325        415.13055410689338        411.97270345794499     

   416.35055793523674        415.07186516813988        411.92948382113349     

   416.28589258730852        415.01346372775640        411.88647590352150     

   416.22154401427036        414.95534837738023        411.84367866796435     

   416.15751066434331        414.89751771554774        411.80109108239787     

   416.09379099334990        414.83997034766065        411.75871211981371     

   416.03038346467736        414.78270488595240        411.71654075823449     

   415.96728654923999        414.72571994945463        411.67457598068916     

   415.90449872544281        414.66901416396399        411.63281677518859     

   415.84201847914454        414.61258616200871        411.59126213470091     

   415.77984430362125        414.55643458281605        411.54991105712742     

   415.71797469952998        414.50055807227915        411.50876254527850     

   415.65640817487252        414.44495528292447        411.46781560684923     

   415.59514324495944        414.38962487387937        411.42706925439592     

   415.53417843237452        414.33456551083970        411.38652250531180     

   415.47351226693871        414.27977586603754        411.34617438180379     

   415.41314328567501        414.22525461820953        411.30602391086865     

   415.35307003277308        414.17100045256450        411.26607012426945     

   415.29329105955412        414.11701206075213        411.22631205851246     

   415.23380492443584        414.06328814083128        411.18674875482378     

   415.17461019289806        414.00982739723861        411.14737925912630     

   415.11570543744756        413.95662854075738        411.10820262201639     

   415.05708923758414        413.90369028848619        411.06921789874161     

   414.99876017976612        413.85101136380825        411.03042414917724     

   414.94071685737629        413.79859049636053        410.99182043780411     

   414.88295787068802        413.74642642200303        410.95340583368579     

   414.82548182683155        413.69451788278838        410.91517941044617     

   414.76828733976026        413.64286362693156        410.87714024624734     

   414.71137303021743        413.59146240877959        410.83928742376690     

   414.65473752570273        413.54031298878152        410.80162003017642     

   414.59837946043939        413.48941413345864        410.76413715711891     

   414.54229747534112        413.43876461537462        410.72683790068720     

   414.48649021797939        413.38836321310589        410.68972136140212     

   414.43095634255064        413.33820871121236        410.65278664419066     

   414.37569450984421        413.28829990020790        410.61603285836458     

   414.32070338720956        413.23863557653135        410.57945911759873     

   414.26598164852459        413.18921454251733        410.54306453990995     

   414.21152797416329        413.14003560636746        410.50684824763550     

   414.15734105096413        413.09109758212156        410.47080936741207     

   414.10341957219839        413.04239928962932        410.43494703015460     

   414.04976223753852        412.99393955452121        410.39926037103561     

   413.99636775302690        412.94571720818095        410.36374852946386     

   413.94323483104466        412.89773108771669        410.32841064906415     

   413.89036219028037        412.84998003593330        410.29324587765615     

   413.83774855569953        412.80246290130441        410.25825336723415     

   413.78539265851356        412.75517853794457        410.22343227394674     

   413.73329323614922        412.70812580558163        410.18878175807600     

   413.68144903221827        412.66130356952937        410.15430098401765     

   413.62985879648716        412.61471070065988        410.11998912026075     

   413.57852128484672        412.56834607537661        410.08584533936772     

   413.52743525928236        412.52220857558717        410.05186881795424     

   413.47659948784411        412.47629708867618        410.01805873666950     

   413.42601274461686        412.43061050747883        409.98441428017657     

   413.37567380969097        412.38514773025378        409.95093463713238     

   413.32558146913271        412.33990766065688        409.91761900016849     

   413.27573451495499        412.29488920771456        409.88446656587155     

   413.22613174508831        412.25009128579757        409.85147653476372     

   413.17677196335171        412.20551281459490        409.81864811128366     

   413.12765397942388        412.16115271908751        409.78598050376729     

   413.07877660881468        412.11700992952262        409.75347292442842     

   413.03013867283619        412.07308338138785        409.72112458934021     

   412.98173899857466        412.02937201538543        409.68893471841591     

   412.93357641886195        411.98587477740682        409.65690253539015     

   412.88564977224769        411.94259061850727        409.62502726780031     

   412.83795790297091        411.89951849488028        409.59330814696779     

   412.79049966093243        411.85665736783295        409.56174440797940     

   412.74327390166695        411.81400620376024        409.53033528966915     

   412.69627948631569        411.77156397412068        409.49908003459973     

   412.64951528159861        411.72932965541116        409.46797788904428     

   412.60298015978742        411.68730222914240        409.43702810296810     

   412.55667299867798        411.64548068181449        409.40622993001085     

   412.51059268156376        411.60386400489216        409.37558262746819     

   412.46473809720834        411.56245119478075        409.34508545627421     

   412.41910813981912        411.52124125280181        409.31473768098328     

   412.37370170902022        411.48023318516925        409.28453856975267     

   412.32851770982631        411.43942600296498        409.25448739432460     

   412.28355505261595        411.39881872211549        409.22458343000875     

   412.23881265310553        411.35841036336785        409.19482595566495     

   412.19428943232276        411.31819995226630        409.16521425368563     

   412.14998431658120        411.27818651912844        409.13574760997847     

   412.10589623745386        411.23836909902212        409.10642531394933     

   412.06202413174759        411.19874673174218        409.07724665848502     

   412.01836694147767        411.15931846178700        409.04821093993633     

   411.97492361384195        411.12008333833580        409.01931745810089     

   411.93169310119566        411.08104041522557        408.99056551620652     

   411.88867436102618        411.04218875092823        408.96195442089419     

   411.84586635592768        411.00352740852787        408.93348348220150     

   411.80326805357646        410.96505545569829        408.90515201354594     

   411.76087842670569        410.92677196468048        408.87695933170829     

   411.71869645308072        410.88867601226025        408.84890475681630     

   411.67672111547478        410.85076667974585        408.82098761232811     

   411.63495140164383        410.81304305294594        408.79320722501603     

   411.59338630430278        410.77550422214762        408.76556292495042     

   411.55202482110076        410.73814928209413        408.73805404548324     

   411.51086595459708        410.70097733196354        408.71067992323225     

   411.46990871223727        410.66398747534663        408.68343989806482     

   411.42915210632901        410.62717882022542        408.65633331308226     

   411.38859515401845        410.59055047895168        408.62935951460366     

   411.34823687726629        410.55410156822541        408.60251785215030     

   411.30807630282442        410.51783120907362        408.57580767843007     

   411.26811246221240        410.48173852682925        408.54922834932160     

   411.22834439169401        410.44582265110984        408.52277922385895     

   411.18877113225409        410.41008271579659        408.49645966421599     

   411.14939172957531        410.37451785901379        408.47026903569122     

   411.11020523401538        410.33912722310748        408.44420670669217     

   411.07121070058389        410.30390995462534        408.41827204872050     

   411.03240718891965        410.26886520429565        408.39246443635659     

   410.99379376326806        410.23399212700707        408.36678324724454     

   410.95536949245843        410.19928988178827        408.34122786207729     

   410.91713344988153        410.16475763178738        408.31579766458145     

   410.87908471346748        410.13039454425217        408.29049204150260     

   410.84122236566310        410.09619979050973        408.26531038259043     

   410.80354549341013        410.06217254594657        408.24025208058407     

   410.76605318812307        410.02831198998865        408.21531653119746     

