   760.95749387744502        746.62017919922596        683.39415670655319     

   739.28705651192809        716.08672357972637        643.03818971500493     

   713.75479197894845        687.64554774364524        616.23148567186729     

   687.84168971393819        661.90174397370299        595.10379100388445     

   663.11360032366258        638.59691795526783        577.09742507388512     

   640.13277837478040        617.44585441550396        561.18606163629329     

   619.02096842546575        598.21868347704105        546.89252780511322     

   599.72429834027776        580.72649884660336        533.95700101907119     

   582.12609932868691        564.80689518177405        522.21179932248992     

   566.09271121569577        550.31609990669438        511.53176787546033     

   551.49136521467710        537.12490454222302        501.81400589230122     

   538.19672171136312        525.11636312460200        492.96927391887255     

   526.09287407738350        514.18428703775999        484.91811736682928     

   515.07357901118007        504.23211650719713        477.58892238048156     

   505.04182374709347        495.17199126065037        470.91678349067263     

   495.90917323141872        486.92394406473767        464.84272937523406     

   487.59507157086307        479.41518250081839        459.31312133073095     

   480.02616411444910        472.57944154372910        454.27914725999136     

   473.13566339366105        466.35639675838206        449.69637776517527     

   466.86276508701894        460.69113113475430        445.52436877397429     

   461.15211359134867        455.53365013089922        441.72630249904961     

   455.95331439075358        450.83844035228265        438.26866167244037     

   451.22048968806621        446.56406785528986        435.12093341915613     

   446.91187368660508        442.67281248268205        432.25533985028255     

   442.98944407523953        439.13033498504029        429.64659287476485     

   439.41858651486791        435.90537398295839        427.27167101646126     

   436.16778918568718        432.96947009266586        425.10961624693147     

   433.20836470785031        430.29671477932231        423.14134903300743     

   430.51419698481260        427.86352172118166        421.34949996375008     

   428.06151073664864        425.64841866677637        419.71825646963885     

   425.82866169006661        423.63185794823846        418.23322328080837     

   423.79594557381830        421.79604397855718        416.88129539270250     

   421.94542423402982        420.12477621047105        415.65054241801863     

   420.26076733500230        418.60330617114562        414.53010330434478     

   418.72710824855193        417.21820731100536        413.51009048838944     

   417.33091286015662        415.95725651817025        412.58150264098498     

   416.05986013416430        414.80932625289631        411.73614523286267     

   414.90273338408292        413.76428635013440        410.96655822021233     

   413.84932128844514        412.81291462364368        410.26595021187222     

   412.89032777873842        411.94681548276509        409.62813853719246     

