   0.00000000000000000000000000000000000      
   3.00000011920928955078125000000000008E-0003
   6.00000023841857910156250000000000015E-0003
   9.00000035762786865234374999999999910E-0003
   1.20000004768371582031250000000000003E-0002
   1.50000005960464477539062500000000000E-0002
   1.80000007152557373046875000000000012E-0002
   2.10000008344650268554687500000000024E-0002
   2.40000009536743164062500000000000006E-0002
   2.70000010728836059570312499999999988E-0002
   3.00000011920928955078124999999999970E-0002
   3.30000013113021850585937499999999952E-0002
   3.60000014305114746093749999999999964E-0002
   3.90000015497207641601562499999999916E-0002
   4.20000016689300537109374999999999988E-0002
   4.50000017881393432617187500000000000E-0002
   4.80000019073486328125000000000000012E-0002
   5.10000020265579223632812500000000024E-0002
   5.40000021457672119140625000000000036E-0002
   5.70000022649765014648437500000000048E-0002
   6.00000023841857910156250000000000120E-0002
   6.30000025033950805664062500000000072E-0002
   6.60000026226043701171875000000000144E-0002
   6.90000027418136596679687500000000217E-0002
   7.20000028610229492187500000000000169E-0002
   7.50000029802322387695312500000000120E-0002
   7.80000030994415283203125000000000193E-0002
   8.10000032186508178710937500000000144E-0002
   8.40000033378601074218750000000000217E-0002
   8.70000034570693969726562500000000289E-0002
   9.00000035762786865234375000000000241E-0002
   9.30000036954879760742187500000000313E-0002
   9.60000038146972656250000000000000265E-0002
   9.90000039339065551757812500000000337E-0002
  0.102000004053115844726562500000000041      
  0.105000004172325134277343750000000036      
  0.108000004291534423828125000000000043      
  0.111000004410743713378906250000000039      
  0.114000004529953002929687500000000046      
  0.117000004649162292480468750000000041      
  0.120000004768371582031250000000000048      
  0.123000004887580871582031250000000055      
  0.126000005006790161132812500000000063      
  0.129000005125999450683593750000000058      
  0.132000005245208740234375000000000053      
  0.135000005364418029785156250000000072      
  0.138000005483627319335937500000000067      
  0.141000005602836608886718750000000063      
  0.144000005722045898437500000000000058      
  0.147000005841255187988281250000000077      
  0.150000005960464477539062500000000048      
  0.153000006079673767089843750000000067      
  0.156000006198883056640625000000000063      
  0.159000006318092346191406250000000058      
  0.162000006437301635742187500000000077      
  0.165000006556510925292968750000000072      
  0.168000006675720214843750000000000067      
  0.171000006794929504394531250000000063      
  0.174000006914138793945312500000000082      
  0.177000007033348083496093750000000077      
  0.180000007152557373046875000000000072      
  0.183000007271766662597656250000000091      
  0.186000007390975952148437500000000087      
  0.189000007510185241699218750000000082      
  0.192000007629394531250000000000000101      
  0.195000007748603820800781250000000096      
  0.198000007867813110351562500000000091      
  0.201000007987022399902343750000000087      
  0.204000008106231689453125000000000106      
  0.207000008225440979003906250000000101      
  0.210000008344650268554687500000000096      
  0.213000008463859558105468750000000116      
  0.216000008583068847656250000000000111      
  0.219000008702278137207031250000000106      
  0.222000008821487426757812500000000125      
  0.225000008940696716308593750000000120      
  0.228000009059906005859375000000000116      
  0.231000009179115295410156250000000111      
  0.234000009298324584960937500000000130      
  0.237000009417533874511718750000000125      
  0.240000009536743164062500000000000120      
  0.243000009655952453613281250000000140      
  0.246000009775161743164062500000000135      
  0.249000009894371032714843750000000130      
  0.252000010013580322265625000000000125      
  0.255000010132789611816406250000000144      
  0.258000010251998901367187500000000164      
  0.261000010371208190917968750000000135      
  0.264000010490417480468750000000000154      
  0.267000010609626770019531250000000125      
  0.270000010728836059570312500000000144      
  0.273000010848045349121093750000000164      
  0.276000010967254638671875000000000135      
  0.279000011086463928222656250000000154      
  0.282000011205673217773437500000000173      
  0.285000011324882507324218750000000144      
  0.288000011444091796875000000000000164      
  0.291000011563301086425781250000000183      
  0.294000011682510375976562500000000154      
  0.297000011801719665527343750000000173      
  0.300000011920928955078125000000000193      
