   773.149940765662377441466442194810949         773.141910519250611822244892896658336         751.226866171141501615435511407212194      

   773.149405360009753489939815539383981         773.108713412573541635679055682603820         737.477418021338588494763770456226013      

   773.147510078858924320521474817851076         773.029410701508326573889740354757529         727.708451362899472317190368634379336      

   773.142597586024726420095173232868105         772.884280731901900847495203168310036         720.099236110690074974266674579278169      

   773.132172424814734977008472756982827         772.658303532207445820037762787388573         713.796303804219285764936827020329434      

   773.112952817020065902968454696814816         772.342353754102290441698218847234858         708.362774393710455592111858271842724      

   773.081038520263923867541385408256153         771.932866744305992334220231438403938         703.553602669846064489850202268014440      

   773.032147598442473049415657736123684         771.430752341547838442463262584584374         699.219061022433455296425469046444282      

   772.961873057320123124442361381211375         770.840111346733633655503317664658794         695.260699309988166422724795602612738      

   772.865920722138821204659077278328573         770.167060560442517770421541499400447         691.609836038896467795869943724536662      

   772.740304415798382434861249829644803         769.418790982042917013031405426968581         688.216282377835947825731089567861746      

   772.581488139883975159529705598914170         768.602878422502931153745833958169441         685.042011027254596001552232151403839      

   772.386475140596490751794569761668628         767.726816052427963101247126616376639         682.057373228129506609732676915561434      

   772.152850025721515031283404598093522         766.797721906038552792125078730873704         679.238713417670649881509105062388295      

   771.878783095167154121589138447271186         765.822174713161530385853475866033146         676.566795678919264485801784565379980      

   771.563006713011058523130814700196459         764.806138698285312425253639824037419         674.025726063208325107040355674846159      

   771.204772800488094615176634369954666         763.754946922219390875451179154868695         671.602191168980521142060942018467549      

   770.803799082166107828553017208040600         762.673320969888290294708851305626404         669.284905936529709570323736902808501      

   770.360210056364580272606659255473558         761.565411480595029531811784017102658         667.064204207510156137946810508857591      

   769.874477073463302961012755862266472         760.434849091688659421842729617705564         664.931729319670574422290388753414146      

   769.347360535872257361841596346995913         759.284799040185726885422809163099515         662.880196416711716361157302338786208      

   768.779856130980338484888430588654008         758.118015236950653989605209343388308         660.903207204788607637734715223095057      

   768.173146168718883681464046472287133         756.936891375896503741894682659345914         658.995103741476752336728665761651742      

   767.528556486586983359009243638952501         755.743507798171674925661332188802397         657.150851727237880967209065672163637      

   766.847518965187215221163187891158575         754.539673576186597286016414319970650         655.365946405241468015663559221317716      

   766.131539424382515971638218128159756         753.326963745006930031462370862085439         653.636336000389666754355429780237969      

   765.382170506608760602321078022395816         752.106751881997935947331058323130774         651.958358915103247281968815091744468      

   764.600989068636211978005077129425752         750.880238384447218445633064196493469         650.328691821711724104617920574256878      

   763.789577571764473832604420567209711         749.648474863671129101029417075849744         648.744306462433337512622120710475022      

   762.949508964607841039329501006966666         748.412385092880895489062334027080673         647.202433463160819725729008239263970      

   762.082334578785878535766002252172554         747.172782934889528584951065162703618         645.700531837418312403573071343874178      

   761.189574596410018197658041607230978         745.930387647741094935231417430609043         644.236263136815651444152534123944137      

   760.272710692680961923383347951821044         744.685836930024845017475145798470799         642.807469418401948915874857021393111      

   759.333180502833626817527704050072525         743.439698028336180857008871296288473         641.412154364671260712192513051409371      

   758.372373607337084027432731418443975         742.192477190307601073318618662519355         640.048467020872072200719129505191287      

   757.391628771053005987207705642140216         740.944627709720675524043218710768374         638.714687715604166376018979937695988      

   756.392232210125276169865124554838826         739.696556776397487455307323383598122         637.409215810957984755013024545158284      

   755.375416694376048528249268898730054         738.448631313263583621135842666872038         636.130558992481045694236983907480435      

   754.342361322908375588363640857524452         737.201182956232666036788538205269495         634.877323860648946925475842486072900      

   753.294191836650685117379617200262626         735.954512309239626816526467333762716         633.648207627000369539714991677672813      

   752.231981354023325863793285515241385         734.708892586585354304792146824059238         632.441990751746170711061947367935882      

   751.156751435114137847053816138328257         733.464572737444789843094911160394126         631.257530387083661832979055907281116      

   750.069473396085126261948703911807788         732.221780132605485801547625307610923         630.093754512882241672234354673534462      

   748.971069809353466468641257454872674         730.980722880931954295861130956759891         628.949656669829161433548643792250147      

   747.862416136732247611137277813040765         729.741591832396546202137849015028651         627.824291210301843334003248533083393      

   746.744342452484876893930599871098004         728.504562315512446058222807822883355         626.716768999775018881553570468213353      

   745.617635221414736249731158136158778         727.269795649409708535276239863563954         625.626253511963428528172685129352185      

   744.483039103918771642734465302156227         726.037440464401162525038367695979789         624.551957269534492855777726776789541      

   743.341258765589448222188975674223528         724.807633859508959207883340523959193         623.493138589415361660657790383656287      

   742.192960673634574218505973926465844         723.580502420907174856541213692490830         622.449098597720464893995864811534167      

   741.038774866253773521603666184778329         722.356163121446384395832470203552850         621.419178484346915707241806580100577      

   739.879296684295935256536272300240236         721.134724118247594171677669469618544         620.402756971495490965529635521705207      

   738.715088457135877950627050228595827         719.916285462687827514902929019152072         619.399247973913358143185160651964244      

   737.546681136845515072743256203142114         718.700939734865476683723859329450305         618.408098431635298630438355737861847      

   736.374575876474888092348472635152126         717.488772612760643333197600430408982         617.428786298516783134757302347103939      

   735.199245549668704456706141714771565         716.279863384735466211355981208696231         616.460818671982323483397199937936796      

   734.021136209980813846920409556561172         715.074285412702612790670952573271107         615.503730051220047913422515561107544      

   732.840668489159533456197141502440935         713.872106552185346246524861560435627         614.557080712591391527516249210440421      

   731.658238934400298370479415270690852         712.673389534565215091293654453343409         613.620455192337069411067117422459488      

   730.474221285131644938634425016718423         711.478192316034429451167164534310764         612.693460867783557473661239545123618      

   729.288967690343425766122815320310084         710.286568397115102806760512428553338         611.775726629218442755836099473423546      

   728.102809867805195632221819450947741         709.098567116056445361634612763957887         610.866901635433433912084297809849324      

   726.916060206776836011419686550151615         707.914233918956723347852178385035152         609.966654146651550170737450056441079      

   725.729012815998417808283176153124291         706.733610609065167651488298227363471         609.074670429177554312628865473761622      

   724.541944518875062457161040199457248         705.556735577388181057197843977254850         608.190653726652692396839144987347953      

   723.355115797855931115873579720806222         704.383644016444264886683256812511573         607.314323293268480347529094458842202      

   722.168771690053360130683233573902801         703.214368118774803199457414509383408         606.445413484709870869392768509486113      

   720.983142636165920698752110726431148         702.048937261616309034607924997656216         605.583672902964220357218287181498688      

   719.798445284763868630763760734653169         700.887378178968192950706185602964204         604.728863591456250492156072275292641      

   718.614883253972046530288346821724749         699.729715122143749280537299844986782         603.880760277256708674218628580650352      

   717.432647852547891654594640017766438         698.575970009766852096953150932828728         603.039149657368761832501086280355706      

   716.251918762304132469967628240173058         697.426162568069453751852589308086247         602.203829726325595752455431300146205      

   715.072864683769754802308739062574543         696.280310462252578104268615826831955         601.374609142538854919649521637565219      

   713.895643946921104608159528626743017         695.138429419593752096610136405978898         600.551306631023505625823247555428669      

   712.720405088749367567476792436953607         694.000533344914760601151354278827181         599.733750420293030250542874101639627      

   711.547287399362576624777676256509958         692.866634428963597801968084241181868         598.921777711371764709177476762159740      

   710.376421438250910681450366461331486         691.736743250212148062475954079440183         598.115234177010547828103592856449905      

   709.207929522274287508785069610050287         690.610868870525307213123609083365406         597.313973489319259734764272798692019      

   708.041926186861853446490091049830336         689.489018925116984282593727146263203         596.517856874146654193992864121879469      

   706.878518621844503431334671011450137         688.371199707172891827533457724788645         595.726752690645310962493697245469825      

   705.717807083274468115852416476636487         687.257416247488557662253321485120218         594.940536034558558924461230709485536      

   704.559885282520613862975816474598479         686.147672389442997618207103067575794         594.159088363857721347284732406853287      

   703.404840753864662454357643684663859         685.041970859603494049454962469263524         593.382297145442766874439107156171999      

   702.252755201762225677885353514317472         683.940313334234519802440050437102711         592.610055521698071055406118930246800      

   701.103704828873483399094436538775002         682.842700501963687164014672470975807         591.842261995768076872906446802588361      

   699.957760645911583881672710620834369         681.749132122839393680921528148064333         591.078820134485691364630631174193834      

   698.814988764302446614683178833240646         680.659607083998333813156015453036837         590.319638287949711002932002130423755      

   697.675450672597605937883089230540473         679.574123452146036394445240582981101         589.564629324806821236734925419669130      

   696.539203497532030386162734501821654         678.492678523039893239380176928720528         588.813710382349111480277705728280105      

   695.406300250571451925333974368327572         677.415268868151610541089643378434331         588.066802630589893788365730522619754      

   694.276790060748591318100023836470052         676.341890378674510527782921878741521         587.323831049529186659323878713309112      

   693.150718394544710530872105452094753         675.272538307030523290289878983914639         586.584724218865771707845651153114299      

   692.028127263532092546182189207915161         674.207207306021940462652634250642451         585.849414119455472641985725632602288      

   690.909055420454270010675751601664249         673.145891465763969415475195386405418         585.117835945855443973708336482932146      

   689.793538544384020135603235117274635         672.088584348525755828653703616941426         584.389927929331973423595941378816814      

   688.681609415564235438390865317047527         671.035279021599770404444298500499676         583.665631170744762897833480150495698      

   687.573298080503688660761941138807862         669.985968088312226531559132181052351         582.944889482754009644907680820151673      

   686.468632007868355970492181188217236         668.940643717280461197784943808612207         582.227649240828000414645472430986430      

   685.367636235679266590169140788817618         667.899297670016928464165740542420188         581.513859242558484500034473430004660      

   684.270333510299731895109826892942891         666.861921326973585416689700204992988         580.803470574818923715044488734132927      

   683.176744417668197172754014564741144         665.828505712114961018256026967666998         580.096436488326936900347274666437956      

   682.086887507207781140986311392221948         664.799041516103058672093529866419304         579.392712279196963602725439079409006      

   681.000779408819750835803732583720484         663.773519118172426713091193837735482         578.692255177092458989267458195982270      

   679.918434943345653963995836684460287         662.751928606769213333663038808216312         577.995024239608886073033727777516312      

   678.839867226861531254176594682028015         661.734259799023781866857249657898760         577.300980252539472182845829405276344      

   677.765087769147494382728556088048405         660.720502259122479200798287486775191         576.610085635695219081841150768310352      

   676.694106566656920046145126524793293         659.710645315640406504070443539575471         575.922304353969070009620388172052967      

   675.626932190291519727619796494669416         658.704678077893521109330872456030391         575.237601833351507396708529602937994      

   674.563571868271542344317752924287562         657.702589451365086441476067233030274         574.555944881621243076844389105680426      

   673.504031564374300544053757524165761         656.704368152258369636620730940470079         573.877301613450125625547912160756273      

   672.448316051799030764360486666134653         655.710002721224551430886095810327393         573.201641379675980525628536130323892      

   671.396428982901754554281398858089000         654.719481536312048439060245269924735         572.528934700510868430809398456546676      

   670.348372955030258752482725261578010         653.732792825180843409222094577608241         571.859153202465242022351904343134993      

   669.304149572676511872931565168148287         652.749924676622964539367666165991985         571.192269558780747128611184068899761      

   668.263759506151742636484568693918699         651.770865051427941300028380186638785         570.528257433175990542731708396640576      

   667.227202546977985284252373603742592         650.795601792629882894701617188230889         569.867091426720524488946994167973938      

   666.194477660179108422427214091262525         649.824122635170768568310350626317429         569.208747027662612798473205594789226      

   665.165583033644154918694175097857242         648.856415215012599040515896072363688         568.553200564046081243707352655646072      

   664.140516124726196882943531715269050         647.892467077729228484359386165199018         567.900429158960746801862680722553120      

   663.119273704230820863214547675343642         646.932265686606970230865525282942311         567.250410688279598637512528974161699      

   662.101851897939774587900695526010351         645.975798430281440710909128822772742         566.603123740744096291117033754952336      

   661.088246225807199993816906527593205         645.023052629936569383128278619097488         565.958547580266685252641532293312107      

   660.078451638958221513959941897162700         644.074015546090252230672481129954222         565.316662110326932534625532997021803      

   659.072462554612428709709539972741158         643.128674384989757857181061206698399         564.677447840344579314573851456419946      

   658.070272889047964730947706122061866         642.187016304638703594543395466022298         564.040885853919317085767630631657535      

   657.071876088715484474678628418609435         641.249028420476199955195111049973642         563.406957778833239630590552449828103      

   656.077265159605157610618257978607322         640.314697810727611086605161537644861         562.775645758717725878670163273286437      

   655.086432694964141930597040120951115         639.384011521445292727313861518321125         562.146932426291987548140850080721929      

   654.099370901456522932944059222520174         638.456956571256643863745655740651901         561.520800878085688521088786065069928      

   653.116071623852588385902256982272811         637.533519955835840400765560408955810         560.897234650562927279989970871749328      

   652.136526368329465019552910329828185         636.613688652114705442969130995915862         560.276217697569485573291563708028208      

   651.160726324460572596081417771569767         635.697449622247308182417425425278723         559.657734369029601019552491079466284      

   650.188662385967033403932044952667370         634.784789817342069022714307180185934         559.041769390822632978871817338206628      

   649.220325170300098543208288205978270         633.875696180974379725238551300424198         558.428307845773873288492487758586642      

   648.255705037119802833305542479661492         632.970155652492021482689878936985574         557.817335155697419185930130936722712      

   647.294792105731425136997726293086164         632.068155170124978495663430087028382         557.208837064432487019104992324100455      

   646.337576271537898417195925754116629         631.169681673910597574859839194458514         556.602799621817813582723999086940845      

   645.384047221563072645353631503196409         630.274722108444433369108111765282595         555.999209168551877898476452456793516      

   644.434194449097673112372637415257293         629.383263425466542003572568401177088         555.398052321889590145402385944331204      

   643.488007267516906694069410716902861         628.495292586292441293772817191325149         554.799315962128845849024663866000154      

   642.545474823315939693172024318573502         627.610796564097441477638632551090879         554.202987219842941419528839553609837      

   641.606586108406894046086516262218430         626.729762346062564879610459433953849         553.609053463817300249720717935832580      

   640.671329971718575472005805934401977         625.852176935389814483374820957858674         553.017502289651274923722255610805605      

   639.739695130137849552462450187676430         624.978027353194118529021860493285011         552.428321508987978277000721522733906      

   638.811670178829412204575388719023495         624.107300640278869537131309402336663         551.841499139337161290889324462109298      

   637.887243600968652415042569097690863         623.239983858801590247653514243224904         551.257023394458105901563791995084702      

   636.966403776920370695684972936730097         622.376064093835894572228056744318588         550.674882675271342176120378563522751      

   636.049138992894290141563241531239187         621.515528454835567592907928161683510         550.095065561269738020161128989504996      

   635.135437449106572210245733493178887         620.658364077006263763583753699092914         549.517560802401151356964823117615043      

   634.225287267474920721263906647054407         619.804558122590015711693368871003178         548.942357311396384963292892078966722      

   633.318676498873319739777471986428660         618.954097782067456385946981982860681         548.369444156517647964947362124419533      

   632.415593129970998898113938712681224         618.106970275282383796236141914522193         547.798810554704110205429075709931899      

   631.516025089678848545163115659209370         617.263162852493039343430635339538717         547.230445865092440853681949957624506      

   630.619960255225212384822594624910008         616.422662795354226888571540131720325         546.664339582891455008387761048140746      

   629.727386457881762710423380355030573         615.585457417834169459747678032476895         546.100481333591155743396412574235357      

   628.838291488359008939332781209209262         614.751534067069783082272096261941112         545.538860867487557852184342157462974      

   627.952663101889900101933662736370286         613.920880124163841927583149170102577         544.979468054505717105649136973254388      

   627.070489023018952654813537877072424         613.093483004927315132488877900914199         544.422292879304368552290163078771184      

   626.191756950113363082071663384087234         612.269330160569972604601852735222364         543.867325436646502487665807909418665      

   625.316454559611647022750562093934145         611.448409078342184299350729003367779         543.314555927021080245911245831601866      

   624.444569510024480096363429197757710         610.630707282130674259715663571636920         542.763974652501916795213154482693176      

   623.576089445701597340493458765553058         609.816212333010836614482631679792015         542.215572012830535966321329526020118      

   622.711002000377835531609455067471442         609.004911829758075226990683509178125         541.669338501710539571911264828860532      

   621.849294800510673089793613570934895         608.196793409320491295004022223821993         541.125264703301726105447105782405107      

   620.990955468420933368963414894595869         607.391844747255113471147609887796931         540.583341288902850426724339869164478      

   620.135971625247666639175653047267762         606.590053558129742575200852053776711         540.043559013812535005659017892046580      

   619.284330893727611835888282999358344         605.791407595892367301169880955347620         539.505908714358427943974075455217532      

   618.436020900809059161119919594097437         604.995894654209998102667324781806040         538.970381305085255050438268407478927      

   617.591029280109386964465150701584891         604.203502566778663310167224989469517         538.436967776092934526185610327184542      

   616.749343674225029205476741783469247         603.414219207606214153670513574628721         537.905659190516415038032703340693242      

   615.910951736902141501066128437618030         602.628032491269493413643438016104265         537.376446682139362739619375998424108      

   615.075841135075772685226656800005907         601.844930373147335599083139583808687         536.849321453134261672310830649482969      

   614.243999550784913436059780620519510         601.064900849630784568404960981448599         536.324274771921906384523837848898282      

   613.415414682970382423884118888532539         600.287931958311837096655238652569953         535.801297971143656913357512246104973      

   612.590074249162122251108445171618927         599.514011778151947796499177091892283         535.280382445740195763967925498991832      

   611.767965987062110911953800024668352         598.743128429631461779892054126986361         534.761519651130875416076491780925057      

   610.949077656028748391638228103013045         597.975270074881076275105468142513714         534.244701101488074331602922733435381      

   610.133397038468251211161233965551254         597.210424917796370875308264247169418         533.729918368101290516909399873790978      

   609.320911941138279129716217643923530         596.448581204136387987615033925673944         533.217163077825995431333686334737160      

   608.511610196368726826351656084404381         595.689727221607190184128739214308516         532.706426911612548397300690063385946      

   607.705479663204338236748428935527234         594.933851299931269348397541350305962         532.197701603110733569167189098819643      

   606.902508228473541414297112982222884         594.180941810903633591328539761235064         531.690978937345728820017446256263402      

   606.102683807787656461943597713672436         593.430987168435351718910346094819232         531.186250749461549421781402324737156      

   605.305994346474397435090836505216334         592.683975828585291418027838673853364         530.683508923528229892812708716578224      

   604.512427820449370383777035031856481         591.939896289580746142619200859314916         530.182745391409215594118711147637135      

   603.721972237029063164476296068056011         591.198737091827606794845438608116676         529.683952131685632256001737416388193      

   602.934615635688627628399723491959623         590.460486817910697576792550712679895         529.187121168634287257974507932434570      

   602.150346088767570642221888868514057         589.725134092584860716620084572125237         528.692244571256431777406273755975125      

   601.369151702126296512611139446250791         588.992667582757342034859874159011180         528.199314452354478443335570544352879      

   600.591020615756279195482591461540096         588.263075997461998403971752674834716         527.708322967654025425985228382696049      

   599.815941004346487634104722143264089         587.536348087825818965504118972556442         527.219262314968685474103120031007606      

   599.043901077808541176785402659743421         586.812472647028224408185313215398268         526.732124733405357767021246883885179      

   598.274889081762933792998981545896239         586.091438510253582586243150561438664         526.246902502607712034893425280362290      

   597.508893297988535281511639318835244         585.373234554637354184529751562469164         525.763587942035778651988819558766327      

   596.745902044837454415700323712040710         584.657849699206258934708804016305242         525.282173410279655733094412076889613      

   595.985903677617232594173477409626829         583.945272904812830978444834242949754         524.802651304405455048128317640936770      

   595.228886588942226675936418743728853         583.235493174064711287080177362488541         524.325014059331713179577108685945468      

   594.474839209055935917001478800324951         582.528499551249005514577885387680591         523.849254147234593125608778887973395      

   593.723750006125929947987196786963830         581.824281122252017217227921389018103         523.375364076980294823751733326524281      

   592.975607486512942217385859787608362         581.122827014474648959025438056263909         522.903336393583181142820564098292842      

   592.230400195015605968286360325255612         580.424126396743747378385274655911882         522.433163677688209054151112624889599      

   591.488116715092227329877524371513775         579.728168479219652765804588136426360         521.964838545076334220862562175557685      

   590.748745669060912217513048691506329         579.034942513300199042093111592834976         521.498353646191631394218280581764558      

   590.012275718279290190116230516094877         578.344437791521396184575755006839055         521.033701665688943023228708714501594      

   589.278695563305008969156184762169827         577.656643647455014078644568387527636         520.570875322000934597844371081554833      

   588.547993944038107750748055154359332         576.971549455603274431147456923995674         520.109867366923497674995757208069955      

   587.820159639846315525771763211281302         576.289144631290845729700309659012046         519.650670585218500485791216791420980      

   587.095181469674262158453743083523098         575.609418630554325229714287526745883         519.193277794232941685373248040595495      

   586.373048292137534769162449894209710         574.932360950029381562497568123272280         518.737681843533615367432499017712106      

   585.653749005602459840508313725229860         574.257961126835721748997978125470111         518.283875614556445096150910353279975      

   584.937272548252442245619809747774191         573.586208738460037142284599961940804         517.831852020269691572712023599746140      

   584.223607898141645921662716840807991         572.917093402637074077209026938027078         517.381604004850282805694255601325966      

   583.512744073236757027285195581388350         572.250604777228966749027913383096869         516.933124543372557440271515797724012      

   582.804670131447528985241718732160269         571.586732560102962046901491441508670         516.486406641508751357686726960659566      

   582.099375170646769684562294372219345         570.925466489007658707418145247326902         516.041443335240594913774135391996783      

   581.396848328680394171482514293726319         570.266796341447876203375411349418642         515.598227690581423365984341376444061      

   580.697078783368131273308011700435035         569.610711934558262221067663428705892         515.156752803308236258175857016165214      

   580.000055752495439659607494574474776         568.957203124975741383661892907497192         514.717011798703172900689353096300912      

   579.305768493797157742167525546227252         568.306259808710902028462786360998317         514.278997831303900703132529971163670      

   578.614206304933382446600947992153588         567.657871921018412322692600109336525         513.842704084662441086337678542740468      

   577.925358523458044157689012993595080         567.012029436266551787631051479222882         513.408123771111984110140190286821324      

   577.239214526780618956154719155713827         566.368722367805939377381599732457900         512.975250131541267891863884292818707      

   576.555763732121394540401203874984667         565.727940767837534609917608687094429         512.544076435176122438743049265078534      

   575.874995596460682881399744039728712         565.089674727279983859084580855616501         512.114595979367799753442261410869140      

   575.196899616482350615510600446807224         564.453914375636379772417169421310870         511.686802089387733068514756193988244      

   574.521465328512017365985197164870476         563.820649880860497867303233464405739         511.260688118228387892151319545855774      

   573.848682308450252530694770050287441         563.189871449222570664285024616657535         510.836247446409886269146097470479248      

   573.178540171701082516544073281822700         562.561569325174656228942419130752858         510.413473481792103339238724439918486      

   572.511028573096102878952057998501885         561.935733791215654701347085002031134         509.992359659391951968045330483286848      

   571.846137206814473280014211262223366         561.312355167756023283643278727200237         509.572899441205586988583581236946958      

   571.183855806299057557019662163796178         560.691423812982237221640049240171731         509.155086316035275475786646470582803      

   570.524174144168956442433721792747105         560.072930122721041545702435805701873         508.738913799320693531354700169687783      

   569.867082032128666548694703537187062         559.456864530303535720557342875997418         508.324375432974423328047313769784206      

   569.212569320874086080342249407809745         558.843217506429130884244721707948128         507.911464785221436694735437186098560      

   568.560625899995575318779679745095117         558.231979559029417025189621341822343         507.500175450442363357433222974365677      

   567.911241697878268200476382221349990         557.623141233131975245543451568628560         507.090501049020353126045200219651408      

   567.264406681599820239019232407491466         557.016693110724168181270665239465489         506.682435227191351868450635879880091      

   566.620110856825767588658638485124496         556.412625810616939688072694083765856         506.275971656897621077512622460551804      

   565.978344267702662177432032559997158         555.810929988308653050659876424627984         505.871104035644340245417923617386712      

   565.339096996749138519072030273758985         555.211596335848995224981308069517356         505.467826086359140144371309091444678      

   564.702359164745059014017115239600342         554.614615581702972973020384170653149         505.066131557254423502306276342805078      

   564.068120930618876241950125454428156         554.019978490615025192200949821894345         504.666014221692337484524962780895420      

   563.436372491333342904020649814538572         553.427675863473274271170457264193545         504.267467878052269873097799897780036      

   562.807104081769692666414292195354433         552.837698537173937915864734963181433         503.870486349600747900039723238143504      

   562.180305974610408163808151119928865         552.250037384485921579717665582187099         503.475063484363625360964746336308170      

   561.555968480220685818451906257433842         551.664683313915610395318235557201306         503.081193155000449935039645144064815      

   560.934081946528700896376450454134941         551.081627269571878337638996466447721         502.688869258680908585322783164161108      

   560.314636758904770336009029386566555         550.500860231031331247294366025931592         502.298085716963254530543493784067408      

   559.697623340039505326862814512880605         549.922373213203799302480517203017626         501.908836475674624583518406244701226      

   559.083032149821040368648838163006104         549.346157266198093546850679049410396         501.521115504793160660151639439238319      

   558.470853685211420586829699196834325         548.772203475188040154332666842418622         501.134916798331853992791771627323551      

   557.861078480122224402962241739503548         548.200502960278805237723156902249265         500.750234374224035048167888325776037      

   557.253697105289494241735995127906294         547.631046876373522182890903646280454         500.367062274210436367881035788303254      

   556.648700168148043786840891246460537         547.063826413040232711845979030977306         499.985394563727759532348858927674603      

   556.046078312705206360938935411271172         546.498832794379152143194321467345459         499.605225331798681210280074716432294      

   555.445822219414085288084064096843084         545.936057278890268625150920347800099         499.226548690923236807551999714453215      

   554.847922605046363587670278318580652         545.375491159341285462021676133146127         498.849358776971523583449847804581265      

   554.252370222564727035811775543040857         544.817125762635915037702941782345208         498.473649749077668269621547285905587      

   553.659155860994951502037167365175931         544.260952449682532257230104491973113         498.099415789535007218212642809577914      

   553.068270345297702515989405295269296         543.706962615263194877788224146817661         497.726651103692429930298585130171620      

   552.479704536240092230715694901777956         543.155147687903037582043006318535721         497.355349919851839483204737626129507      

   551.893449330267036316902840045028647         542.605499129740046157425893672138898         496.985506489166685894358876204422089      

   551.309495659372450837371639119750914         542.058008436395217683476086480731690         496.617115085541530838229561676015833      

   550.727834490970326805082197950785138         541.512667136843112193959375335591740         496.250170005532604379478080724497706      

   550.148456827765717913070890928622939         540.969466793282800869789473467121193         495.884665568249316507067778456987166      

   549.571353707625674833821767479799894         540.428399001009215431394117169675785         495.520596115256688257697448704163582      

   548.996516203450157511660968751331716         539.889455388284903033794428378387604         495.157956010478669109131647827920324      

   548.423935423042955008327881766166490         539.352627616212190623073311477429166         494.796739640102309111000372087972954      

   547.853602508982640702760723174662859         538.817907378605762387936891287841989         494.436941412482755908297322031567503      

   547.285508638493588985519859582851577         538.285286401865653633626773139918273         494.078555758049048406656919052935640      

   546.719645023317078020666577721239510         537.754756444850664116485873515451806         493.721577129210680333763625867366570      

   546.156002909582501668131572459032260         537.226309298752193605040053164072039         493.366000000264908372879785207221485      

   545.594573577678712262748625948059058         536.699936786968502176609558941377455         493.011818867304780887131752702507377      

   545.035348342125514627570335212863299         536.175630764979397516337538247922764         492.659028248127864521270317788287400      

   544.478318551445330454457642298815027         535.653383120221351257295374138409560         492.307622682145647165276658380775195      

   543.923475588035051010120098600943626         535.133185771963046185219887520290515         491.957596730293596895344038520170514      

   543.370810868038095016885884446114940         534.615030671181355928722441604952537         491.608944974941857576134026982670257      

   542.820315841216687510823286735410634         534.098909800437758564792414557470941         491.261662019806562817283495523260165      

   542.271981990824374491947241135978983         533.584815173755185389443727473237565         490.915742489861750930229283694338909      

   541.725800833478787248847824646299846         533.072738836495305933805919803566981         490.571181031251864431641232663240453      

   541.181763919034669360077128733538993         532.562672865236250146257859904869854         490.227972311204818490057404813633142      

   540.639862830457178544104190786988846         532.054609367650768510792266124988641         489.886111017945623515479598863137293      

   540.100089183695474745834980168629822         531.548540482384830730163178767412860         489.545591860610547850339544855064393      

   539.562434627556605107990039360687062         531.044458378936663469015723243408848         489.206409569161807236866791166578189      

   539.026890843579695777575755685979131         530.542355257536227526664655275002409         488.868558894302768412820379553826890      

   538.493449545910459838953041897333349         530.042223349025134691037828252012027         488.532034607393654826999486618493896      

   537.962102481176030043405616781993552         529.544054914737004414119811335939113         488.196831500367743070011551084868033      

   537.432841428360124418567586463032654         529.047842246378260344629387839788295         487.862944385648039186421856405293380      

   536.905658198678552287630606333868296         528.553577665909366655274298611210476         487.530368096064424573498027718270169      

   536.380544635455067706067573928456769         528.061253525426504009399622602905486         487.199097484771261681054568768239038      

   535.857492613997576830938555152358385         527.570862207043684924854255858062184         486.869127425165450208056539286118105      

   535.336494041474705273038699849082961         527.082396122775308211133020405513794         486.540452810804924946225344802328621      

   534.817540856792731043652286125155834         526.595847714419152079017255229182360         486.213068555327586850383583197837594      

   534.300625030472888294023465417959981         526.111209453439805449757887415197301         485.886969592370659321077657129448281      

   533.785738564529046655456339164229506         525.628473840852536923060943213465029         485.562150875490462068446197580363443      

   533.272873492345770619905554966746569         525.147633407107600799499782674327507         485.238607378082595288605460495199034      

   532.762021878556763053777522918569214         524.668680711974979493258319020017359         484.916334093302527226176496833582926      

   532.253175818923696610264395750102025         524.191608344429561615085384714756391         484.595326033986578520094201867196406      

   531.746327440215436496775979283684090         523.716408922536754952804754953292721         484.275578232573297035564528702095009      

   531.241468900087657762878039185013945         523.243075093338533527482232365434918         483.957085741025217173963924358971558      

   530.738592386962859999606364855899737         522.771599532739917857215657119049939         483.639843630750997925539909182550654      

   530.237690119910782082176547428718073         522.301974945395887517311074751697026         483.323846992527934187857019770812709      

   529.738754348529219344073565121948473         521.834194064598725045173652710310316         483.009090936424836116872179917522136      

   529.241777352825245340455633663489980         521.368249652165790200419567628705893         482.695570591725271508105566112183270      

   528.746751443096840141962185894986253         520.904134498327723555357957039673362         482.383281106851166423340903698271379      

   528.253668959814926895638661304616196         520.441841421617078357961311778060106         482.072217649286759484345120944807527      

   527.762522273505818197084507782523586         519.981363268757379578607293860443694         481.762375405502905449904510465675567      

   527.273303784634073636437752767440538         519.522692914552609023111127234638865         481.453749580881723876659147561489314      

   526.786005923485769709808686424516653         519.065823261777115367758558920225985         481.146335399641588838370538127925255      

   526.300621150052183126680237495262672         518.610747241065947947084579513232256         480.840128104762455842937603427433385      

   525.817141953913888392049829351992085         518.157457810805613101918435459440494         480.535122957911522242210324792932667      

   525.335560854125270399174067731139493         517.705947957025251873632585173111878         480.231315239369217576936453411559682      

   524.855870399099452634199871546986158         517.256210693288237810499260748258197         479.928700247955520438484677633850973      

   524.378063166493641467257478726275263         516.808239060584193633485493888094804         479.627273300956598560761372149875954      

   523.902131763094886885311995984162753         516.362026127221425491623040446567750         479.327029734051768980396630244447768      

   523.428068824706259909805212967950085         515.917564988719773521195405915370140         479.027964901240775221214442663297624      

   522.955867016033446836475839395491663         515.474848767703877408316311522088027         478.730074174771378570595317188616475      

   522.485519030571760335353603060401282         515.033870613796855640962745195390217         478.433352945067260620940186585415439      

   522.017017590493567355430883516624119         514.594623703514397124105402277619442         478.137796620656234349385316923152943      

   521.550355446536133690594377963530202         514.157101240159263820187700284593750         477.843400628098761103513720572145671      

   521.085525377889884980736752160958355         513.721296453716203066782982139280593         477.550160411916770950356380219158859      

   520.622520192087083844269765671503328         513.287202600747268213752610789987722         477.258071434522783930756925990500288      

   520.161332724890922765247848866528248         512.854812964287546213583105719872771         476.967129176149329841451166346775013      

   519.701955840185032289721930691869804         512.424120853741290790748899972579950         476.677329134778664243238180713754951      

   519.244382429863404021529498488783189         511.995119604778459808882084185777410         476.388666826072778465628723479550826      

   518.788605413720727847254270631903962         511.567802579231655448187635025518123         476.101137783303701446572487518603790      

   518.334617739343142763336393963536731         511.142163164993465799880541505230425         475.814737557284091310498923943827112      

   517.882412381999400625072985744276355         510.718194775914206479400707885751640         475.529461716298114649155670014423513      

   517.431982344532442087322011674257642         510.295890851700060855745482444254893         475.245305846032611527781973498791686      

   516.983320657251383959923808767171832         509.875244857811617490413163717691897         474.962265549508544294189129339067203      

   516.536420377823917157008286624704971         509.456250285362803376140850887894101         474.680336447012728320503292129455580      

   516.091274591169114378296037231490227         509.038900651020211562815359481984467         474.399514176029842856816194386477265      

   515.647876409350646622071571707226520         508.623189496902821755607186987941188         474.119794391174720222935574394397520      

   515.206218971470407593558742124474535         508.209110390482112468496900405748628         473.841172764124911608970468072739653      

   514.766295443562545038822409584107995         507.796656924482563314904598088121363         473.563644983553527797760061079620969      

   514.328099018487898002924690669485537         507.385822716782546016071507592640706         473.287206755062353162284227097699667      

   513.891622915828838981754115566802519         506.976601410315602707154941182406161         473.011853801115231329297888911794452      

   513.456860381784519909604172689641208         506.568986672972110120661670729655613         472.737581860971720936622009973312590      

   513.023804689066520899092967147535240         506.162972197501328226839468948729410         472.464386690621019945907190348989756      

   512.592449136794900626283249096471025         505.758551701413831910952425284314620         472.192264062716157005361440274932463      

   512.162787050394647231782887473503864         505.355718926884324267964114864227419         471.921209766508448387996107006983577      

   511.734811781492528588086512641853166         504.954467640654830096026250020435725         471.651219607782219060482248704919488      

   511.308516707814340764371281153013083         504.554791633938268171302530198005039         471.382289408789786465808130626392208      

   510.883895233082553502300204810860856         504.156684722322400888032408947081029         471.114415008186705629666424080656923      

   510.460940786914351500036562140818464         503.760140745674159849342672890387157         470.847592260967274225952151089485830      

   510.039646824720070286558291623168354         503.365153568044345996132160444382327         470.581817038400296260990291502372557      

   509.620006827602025454411817008944416         502.971717077572702863373501517510085         470.317085227965103059202161678502836      

   509.202014302253734006194254887908667         502.579825186393361555383034261064963         470.053392733287830254925365330573478      

   508.785662780859526558238879174534322         502.189471830540656033994347927843392         469.790735474077949516082969304823715      

   508.370945820994549134142032547338356         501.800650969855307316121165784222277         469.529109386065053745409908713732958      

   507.957857005525153270854643219229152         501.413356587890975179901093021158253         469.268510420935894524041678119281208      

   507.546389942509673151015500950436529         501.027582691821175981463271728341991         469.008934546271670580502356870494692      

   507.136538265099588466976781768780816         500.643323312346565187350921378737901         468.750377745485566085543388170952347      

   506.728295631441071714518074034270270         500.260572503602583230745334345674368         468.492836017760537589926082330150287      

   506.321655724576918607519056944464252         499.879324343067463302872870318065927         468.236305377987348438151849924268102      

   505.916612252348860298821197981031712         499.499572931470599694323045307324796         467.980781856702849506364639931053910      

   505.513158947300256087115885857162229         499.121312392701275304456574132008736         467.726261500028505127217686960317349      

   505.111289566579165284913023757789334         498.744536873717746940630248839511175         467.472740369609163078447086072056704      

   504.710997891841796918435080409565255         498.369240544456687032604260470549887         467.220214542552067525261555960020978      

   504.312277729156335926613706807329388         497.995417597742980391220808991447348         466.968680111366113819472791619937306      

   503.915122908907144523207904327744434         497.623062249199874644244756668212941         466.718133183901344070584048069851054      

   503.519527285699337383384759042959352         497.252168737159482986132154151047524         466.468569883288682415854369760294597      

   503.125484738263729313877976596409482         496.882731322573637882435508141242716         466.219986347879908927688942043204346      

   502.732989169362154064039464712970482         496.514744288925094373560760949927950         465.972378731187871107597658894844134      

   502.342034505693152933700095212320138         496.148201942139081626655489501559179         465.725743201826931926438036812247884      

   501.952614697798031832734007121667083         495.783098610495201388526440602044470         465.480075943453653380737592943964595      

   501.564723719967285446554176179940919         495.419428644539671996653084408907383         465.235373154707714544596027289838543      

   501.178355570147387161434505530200537         495.057186416997916609578506624703004         464.991631049153063106019101979453856      

   500.793504269847943403535593052409043         494.696366322687494322216010339755706         464.748845855219299385552975497512381      

   500.410163864049211045788916001784167         494.336962778431372835905807447454640         464.507013816143291843787851348866614      

   500.028328421109976537349803071617859         493.978970222971541357387890697236841         464.266131189911023092700067740194044      

   499.647992032675795411146585308356489         493.622383116882962405221520083892281         464.026194249199665433918175239379444      

   499.269148813587590826116010925290923         493.267195942487861206575836164133725         463.787199281319884954846222481850639      

   498.891792901790609802008536263206835         492.913403203770351371737198434229589         463.549142588158373221170656349014404      

   498.515918458243735806157458904425536         492.560999426291395538124365862592496         463.312020486120605611629411025328271      

   498.141519666829156353319817550198819         492.209979157104099680070163456264023         463.075829306073825348045630327753807      

   497.768590734262384281602066530156437         491.860336964669339785115527152022525         462.840565393290252280536053764580341      

   497.397125890002631369567960701712456         491.512067438771719602066634770075174         462.606225107390515494506746043453123      

   497.027119386163532961878740108512770         491.165165190435858170586182913604116         462.372804822287308812557279556879312      

   496.658565497424222273226088435407921         490.819624851843005846623845514386154         462.140300926129268270738812393057556      

   496.291458520940753042876549785311850         490.475441076247987542536746941873236         461.908709821245070654761301776232995      

   495.925792776257869214842775924016977         490.132608537896471905306703503740893         461.678027924087752187729385412844349      

   495.561562605221120321523317714052715         489.791121931942565160825432782678123         461.448251665179246466813781188400022      

   495.198762371889321251600343005106254         489.450975974366728356790394789932155         461.219377489055140751943456409664740      

   494.837386462447355086045800300876149         489.112165401894016741330994572289486         460.991401854209649715140912251334862      

   494.477429285119317689253736997100850         488.774684971912640019066207954843455         460.764321233040805764525906606953328      

   494.118885270082002745582724503412367         488.438529462392842230879034227236106         460.538132111795865062288590439128128      

   493.761748869378725934951036144565488         488.103693671806100008279349509817867         460.312830990516928361087774351821348      

   493.406014556833486944572135804588650         487.770172419044637957813619882861985         460.088414382986775788369933888824554      

   493.051676827965468017443285872056464         487.437960543341259935566487720080739         459.864878816674914713035329239506436      

   492.698730199903867741800124210692478         487.107052904189494976384483915948648         459.642220832683839833704666342886123      

   492.347169211303068789419657140050748         486.777444381264056647035117511039863         459.420436985695504632568171690472545      

   491.996988422258138314388330275878413         486.449129874341614597094482781352750         459.199523843918003343433620083271031      

   491.648182414220659727746012528629792         486.122104303221877085932484741799313         458.979477989032462587135304347273096      

   491.300745789914894567266465445193794         485.796362607648983268736049254640393         458.760296016140141831926478051281562      

   490.954673173254273185536024404557880         485.471899747233204029076532250774608         458.541974533709741840857508464521177      

   490.609959209258212983440879186438046         485.148710701372950150087296753908270         458.324510163524920272444694806393929      

   490.266598563969262920165820478521593         484.826790469177086620870450829749765         458.107899540632013605164071847172515      

   489.924585924370573034840137042540626         484.506134069387551879297437912059355         457.892139313287964560463966591978898      

   489.583915998303687719036224598636032         484.186736540302280796905983890989167         457.677226142908454203082852646537699      

   489.244583514386661483430308040946336         483.868592939698430216125308570923691         457.463156704016237901488221020557812      

   488.906583221932495966069565909584228         483.551698344755905854582011312297992         457.249927684189684335220657181636379      

   488.569909890867896933853129318607651         483.236047851981189395750181719814608         457.037535784011516739837822630366478      

   488.234558311652350033023313332221398         482.921636577131464589710635389384735         456.825977717017755584008175379301956      

   487.900523295197514048675582213102588         482.608459655139041192275328991344313         456.615250209646861877106475856284473      

   487.567799672786930437528846425486131         482.296512240036075575213591551697889         456.405350001189080309414727305897797      

   487.236382295996047902449566581721388         481.985789504879586844786467615646669         456.196273843735981430735380598053506      

   486.906266036612560781491750528638862         481.676286641676767310253874281038428         455.988018502130202076880460856999901      

   486.577445786557060028498345381747066         481.367998861310586148466121124798303         455.780580753915383257112703055763919      

   486.249916457803995566605928885559564         481.060921393465685115086343831209709         455.573957389286304719184664689988127      

   485.923672982302948800302281585397877         480.755049486554565157413292480590817         455.368145211039215412150864242586512      

   485.598710311900214076003759860424438         480.450378407644062788184446072309932         455.163141034522359070617927748861233      

   485.275023418260687885444870599239629         480.146903442382115084137365482542310         454.958941687586694147550076011305942      

   484.952607292790064610504640453498759         479.844619894924812177492333696808726         454.755544010536807326163530795913728      

   484.631456946557337612431929031393080         479.543523087863736112891466337524163         454.552944856082019844824958544471561      

   484.311567410217604472773487860378643         479.243608362153584946688423400502454         454.351141089287685872217228064140445      

   483.992933733935175197653121730806341         478.944871077040080969828444709727328         454.150129587526682173351786241200317      

   483.675550987306982201396642739050617         478.647306609988161939890509915789571         453.949907240431088310292037604479266      

   483.359414259286290889844362990741572         478.350910356610454212181844209873279         453.750470949844056624707370417655428      

   483.044518658106709668039655196212592         478.055677730596026664079620203248807         453.551817629771871252603964677009305      

   482.730859311206498201327686160541885         477.761604163639424311105422464595409         453.353944206336195424777249929525243      

   482.418431365153172763241917170190298         477.468685105369980517494732155147384         453.156847617726506309702803586787016      

   482.107229985568407507896540970414182         477.176916023281406708286252915580068         452.960524814152716658728493137915592      

   481.797250357053230508939910653884808         476.886292402661658494204242664075928         452.764972757797982516551620282245754      

   481.488487683113513411456481571641038         476.596809746523077124841054927360217         452.570188422771696263061528266043679      

   481.180937186085753547532147917869713         476.308463575532805189866751555584852         452.376168795062664255701349716708555      

   480.874594107063147370519467383102659         476.021249427943475492197857654775848         452.182910872492468344553024833695359      

   480.569453705821954067354526188770712         475.735162859524172021248028029847103         451.990411664669010535378094677605438      

   480.265511260748148212585536184255576         475.450199443491661958559527908506086         451.798668192940240078853721318108523      

   479.962762068764360332074143988595760         475.166354770441897652275951178739817         451.607677490348062267229521633538328      

   479.661201445257104248623371107214498         474.883624448281787501063464840872426         451.417436601582428222596708414778343      

   479.360824724004290086070626628557898         474.602004102161234692220042573501396         451.227942582935604963907264645161061      

   479.061627257103021812659903187655943         474.321489374405442742829602337046537         451.039192502256625042807959334647807      

   478.763604414897678208773672992556034         474.042075924447486796920666944683022         450.851183438905915041262443990735546      

   478.466751585908276148361760831048367         473.763759428761149635677101437853117         450.663912483710102226824920099984054      

   478.171064176759115087651226977564669         473.486535580794021361821630317733604         450.477376738916998664301388155740325      

   477.876537612107701658957710153782206         473.210400090900861723351188832942854         450.291573318150762085389703310996705      

   477.583167334573953271644446670428162         472.935348686277224045846707209568714         450.106499346367232820727975660985101      

   477.290948804669679626490005011030770         472.661377110893339746608660274256446         449.922151959809446101602648148376674      

   476.999877500728341053929383560398762         472.388481125428262407883636225023416         449.738528305963319041373226618958267      

   476.709948918835082590825259697880521         472.116656507204270390446289517600968         449.555625543513511609460470986840812      

   476.421158572757042714606615399938852         471.845899050121526972785349239669023         449.373440842299460913519213012805651      

   476.133501993873935657780478733022835         471.576204564592997005111864149641935         449.191971383271588108176157888708614      

   475.846974731108906229978908706276774         471.307568877479619071362589719326713         449.011214358447677251457351394392452      

   475.561572350859656078847424184811201         471.039987832025732156311374583845569         448.831166970869425432759735142777967      

   475.277290436929840325212661143250134         470.773457287794755818826599738528440         448.651826434559163498936638994222239      

   474.994124590460733512085974796929191         470.507973120605122876223181881831849         448.473189974476746707768428844959251      

   474.712070429863163811165834795966398         470.243531222466463608553392876927371         448.295254826476614640777084230870239      

   474.431123590749714434595055094261264         469.980127501516040495561792792319608         448.118018237265019710017456574730282      

   474.151279725867191203809028713217879         469.717757881955432502895948667958347         447.941477464357423596138577597267082      

   473.872534505029355231378085196620816         469.456418303987467938016341089075608         447.765629776036060957655860280162508      

   473.594883615049919675800748680607297         469.196104723753404900085973542943958         447.590472451307669754009563963398825      

   473.318322759675809533244949998070491         468.936813113270358351942724643174435         447.416002779861387527606673645153172      

   473.042847659520683434261048624313510         468.678539460368972846065451344380578         447.242218062026812992652555612913041      

   472.768454051998716417503769283468714         468.421279768631339940238294309306113         447.069115608732232281175573246676320      

   472.495137691258642656499781144640914         468.165030057329159342396587975208622         446.896692741463009199232446519333971      

   472.222894348118057119483579508688095         467.909786361362142827902272129925805         446.724946792220138848854677363538522      

   471.951719809997975146296512361595066         467.655544731196659976246774595024337         446.553875103478963973856994734751446      

   471.681609880857648930302175267970741         467.402301232804624777915022605208987         446.383475028148053390177645379673781      

   471.412560381129639897215932022777536         467.150051947602622165865581318558061         446.213743929528241863957610324851829      

   471.144567147655145976676965247522921         466.898792972391273529788950141586634         446.044679181271830803091598380368878      

   470.877626033619582766307986104206540         466.648520419294840274998810596609388         445.876278167341949130498086416786158      

   470.611732908488417591910506005973844         466.399230415701064491489553467412004         445.708538281972073709858866489568867      

   470.346883657943255471332370934567655         466.150919104201245802357758829675852         445.541456929625708697070641769091974      

   470.083074183818175993419060565035699         465.903582642530553464435501875468677         445.375031524956223193132301714577337      

   469.820300404036320127321043943584854         465.657217203508572797619452371502119         445.209259492766846576661712602685589      

   469.558558252546725981276249073020699         465.411818974980085023001768922034909         445.044138267970820896695288788124296      

   469.297843679261412533819437316183032         465.167384159756079593516804246983266         444.879665295551709708872365369186304      

   469.038152649992710364188970469002463         464.923908975554998104411678234903096         444.715838030523862740544572936178440      

   468.779481146390838412506117462347876         464.681389654944208874428885844226320         444.552653937893035772778114923373415      

   468.521825165881725804092670851528604         464.439822445281711292155331677257246         444.390110492617165129634159531480324      

   468.265180721605077776069235427348795         464.199203608658069025544567295738475         444.228205179567296167519569821466228      

   468.009543842352684748139120096634280         463.959529421838571196157596490415212         444.066935493488665159796992973223532      

   467.754910572506973583211319910295106         463.720796176205620623192453485677663         443.906298938961933974229995573315059      

   467.501276971979800087250630496225211         463.483000177701348245883895470351870         443.746293030364576943215546163484659      

   467.248639116151481801463507222706348         463.246137746770452836352030176568934         443.586915291832419329122786606867662      

   466.996993095810070143634883382102685         463.010205218303265118462567997365402         443.428163257221326789413775150479185      

   466.746335017090860959123814785149397         462.775198941579035411731693070398291         443.270034470069045248568799124345269      

   466.496661001416142545704543542580037         462.541115280209443922765335780298926         443.112526483557190586176014588972979      

   466.247967185435180220104394423486493         462.307950612082332810165947334821556         442.955636860473387552872642432614117      

   466.000249720964436497740857638211058         462.075701329305659152269772687484790         442.799363173173557328142801983845920      

   465.753504774928025960797298391341657         461.844363838151667950494138478459973         442.643703003544353136285358847790882      

   465.507728529298403893399993755834823         461.613934559001284304477465323775183         442.488653942965743339163966344713135      

   465.262917181037287766268660381753592         461.384409926288723898584626272356070         442.334213592273741426640850911687902      

   465.019066942036810656808332614437145         461.155786388446320942726953221023844         442.180379561723282327875890826122190      

   464.776174039060905694192411308003592         460.928060407849572713809688242389271         442.027149470951244468943222830123028      

   464.534234713686920622554961662097534         460.701228460762399847470034901547189         441.874520948939617004479039460922535      

   464.293245222247461578964927519785269         460.475287037282621533106233512032680         441.722491633978811653326466558557213      

   464.053201835772465186395884465285628         460.250232641287644768522311730021639         441.571059173631118570386489679637487      

   463.814100839931498065432310394159099         460.026061790380366833824395739726685         441.420221224694305689117882929633849      

   463.575938534976282871967146495076040         459.802771015835290147502755373813944         441.269975453165360971354035813210984      

   463.338711235683449971645691078898635         459.580356862544848670919146661412699         441.120319534204377003320523770992088      

   463.102415271297513865297651457595350         459.358815888965945030691555303553127         440.971251152098577378944275754934287      

   462.867046985474073483072513842559806         459.138144667066697531728182212688719         440.822768000226484313743306132653773      

   462.632602736223235468453317369864662         458.918339782273396236909495252124677         440.674867781022226934775246097638626      

   462.399078895853259576770475833325638         458.699397833417667292651447358989710         440.527548205939989694303378391830991      

   462.166471850914425316270520029236830         458.481315432683844682804577963060148         440.380806995418600357010594457725576      

   461.934778002143118963214575811774375         458.264089205556548596552719594127657         440.234641878846257012754700251619462      

   461.703993764406140085888089516879140         458.047715790768469599171472305463113         440.089050594525393569012840213798450      

   461.474115566645226715796805258531633         457.832191840248357797690532458583313         439.944030889637683179308531910705930      

   461.245139851821798307704330055545357         457.617514019069216196675416862900531         439.799580520209179066051949538066811      

   461.017063076861915633533835494466611         457.403679005396697442503155504858052         439.655697251075592198352705028742214      

   460.789881712601456758510581693368337         457.190683490437703157653183305557493         439.512378855847705287484492528453474      

   460.563592243731508251263054024820302         456.978524178389185069668990588274859         439.369623116876922564792626456686071      

   460.338191168743970782928618983227093         456.767197786387147142568140191549189         439.227427825220954808938755643368151      

   460.113674999877378273624776591694849         456.556701044455847921588073298627277         439.085790780609639091471915948698256      

   459.890040263062929747949356912342955         456.347030695457202305252752829855297         438.944709791410892711801630622786252      

   459.667283497870733064462421830198080         456.138183495040381961830679308269270         438.804182674596800794727020220455899      

   459.445401257456259687379234784401378         455.930156211591613610328205991016734         438.664207255709837025745880441355557      

   459.224390108507009671967495142036321         455.722945626184174389223424171671848         438.524781368829217001429464633747539      

   459.004246631189386038393145211442788         455.516548532528583539195232189731576         438.385902856537383674202305249533817      

   458.784967419095777711997491358613476         455.310961736922989629139588996903709         438.247569569886624372911862204552032      

   458.566549079191850211214181313397064         455.106182058203752557790431160456978         438.109779368365818882610132404611685      

   458.348988231764043267547792612873202         454.902206327696219566276346836585272         437.972530119867318068998629769744302      

   458.132281510367274565236457383212067         454.699031389165694499945897293319233         437.835819700653952535009384670966136      

   457.916425561772848791409121524734652         454.496654098768599560784501639917763         437.699645995326170799007851163244238      

   457.701417045916571190723757100764504         454.295071325003828794724099027910271         437.564006896789306486108884780602969      

   457.487252635847064821636160636412187         454.094279948664292561113420089322347         437.428900306220974026094297640519386      

   457.273929017674290714599922428082157         453.894276862788652234571680990987916         437.294324133038592353409945544458612      

   457.061442890518270135636788178667685         453.695058972613244392391904289150192         437.160276294867036106701887704406924      

   456.849790966458008161842999637938492         453.496623195524193743591915701327375         437.026754717506413827324917412955679      

   456.638969970480617778511340763843750         453.298966461009714058631409763516525         436.893757334899972658222724855468709      

   456.428976640430643710650575530779123         453.102085710612596361722364755183200         436.761282089102129046537154503027300      

   456.219807726959585204773788170063011         452.905977897882883650557562750111853         436.629326930246624955254492016942053      

   456.011459993475616979904871574755510         452.710639988330731411168078538039967         436.497889816514809091139491968294363      

   455.803930216093507569818100030658879         452.516068959379453198495385661159043         436.366968714104042658142970302316413      

   455.597215183584734281579413491987332         452.322261800318750556127232972394642         436.236561597196229147396266483099544      

   455.391311697327793998499777390077932         452.129215512258126551498714849782268         436.106666447926467676825761525036095      

   455.186216571258709058640809468648877         451.936927108080482205701036243025051         435.977281256351829395332951306966904      

   454.981926631821727443030828331210726         451.745393612395895099870403682518545         435.848404020420256468390351101063420      

   454.778438717920216510755622141056793         451.554612061495579442948298693609422         435.720032745939583163800778339787746      

   454.575749680867749521082605026284646         451.364579503306026888412154022756887         435.592165446546678558257357286776308      

   454.373856384339384185759667919786252         451.175292997343327390372198837664683         435.464800143676710387223942260098389      

   454.172755704323132497600984424439919         450.986749614667669392216009596971194         435.337934866532529562530595966570920      

   453.972444529071621084431345358941107         450.798946437838018643757141429658166         435.211567652054174883946316735022158      

   453.772919759053941340408312332585965         450.611880560866974945608163298931464         435.085696544888497472851413184838033      

   453.574178306907688589677645337471577         450.425549089175806122251521474782320         434.960319597358904457984807147647410      

   453.376217097391189540242116146895184         450.239949139549658528023952274309329         434.835434869435221445087135306616817      

   453.179033067335917288837012372052293         450.055077840092943392961698865349977         434.711040428703673304098846683934863      

   452.982623165599093140507410345126451         449.870932330184898318174600228769308         434.587134350336982809403586273589288      

   452.786984353016474509472692439148296         449.687509760435323233127255045161032         434.463714717064586670431044094723486      

   452.592113602355328170742849758429639         449.504807292640490129904961065545273         434.340779619142968491750162875982043      

   452.398007898267588134818887971525268         449.322822099739225892231033041317378         434.218327154326108203593165456115311      

   452.204664237243197420666185921498661         449.141551365769167539680450970287576         434.096355427836047505553313624317335      

   452.012079627563633004994986919942044         448.960992285823189210202626553013695         433.974862552333570867994672192934098      

   451.820251089255613228716374568082062         448.781142066006000206723440482521009         433.853846647889001637500454109885086      

   451.629175654044986944265141677087853         448.601997923390913436243637492760762         433.733305841953112794467792742820012      

   451.438850365310803690292945375667285         448.423557085976783572487210794844291         433.613238269328151912731054318684295      

   451.249272278039564183036096658482078         448.245816792645114275779603309741666         433.493642072138979872863094953131076      

   451.060438458779650416452301171640457         448.068774293117333806451440482952333         433.374515399804322882564210683868091      

   450.872345985595934665999692543521057         447.892426847912238370669128808777373         433.255856409008137359301953220298506      

   450.684991948024566693699622505350169         447.716771728303602540189045714582822         433.137663263671087232111516390663950      

   450.498373447027938454881935722982829         447.541806216277956090117250221637934         433.019934134922133221206066023638803      

   450.312487594949825609757903856652409         447.367527604492526601331699719333910         432.902667201070233655779216626661934      

   450.127331515470705145701664916268496         447.193933196233347176788906022504701         432.785860647576156392107878969291222      

   449.942902343563248418845952382293667         447.021020305373528623491843234285507         432.669512667024401395782940667788932      

   449.759197225447988926312145570593694         446.848786256331695454440770265320556         432.553621459095233553607724090262208      

   449.576213318549164123098269945650199         446.677228384030585067423491469150079         432.438185230536825282409919226946578      

   449.393947791450730600341564998668097         446.506344033855809460026488897754645         432.323202195137508503711740339911963      

   449.212397823852551944354659230170247         446.336130561614778842763358164848717         432.208670573698135554895430839761978      

   449.031560606526758598506287891157456         446.166585333495786514722105682207983         432.094588594004548609186967431325266      

   448.851433341274279052678900478647963         445.997705726027254368628156811346379         431.980954490800157178459918503265172      

   448.672013240881541687686472441147229         445.829489126037138394705420805560181         431.867766505758623274533919266488712      

   448.493297529077346604676399872701056         445.661932930612493555193497713537388         431.755022887456653806308163414263426      

   448.315283440489906772169557760343101         445.495034547059197403845132935114976         431.642721891346899791729704107845687      

   448.137968220604057826012482052767981         445.328791392861831827184364974404986         431.530861779730961965249231794971566      

   447.961349125718635860125233745678678         445.163200895643722286752509090239133         431.419440821732502363063378540690014      

   447.785423422904022548527859492987796         444.998260493127133944006211816751326         431.308457293270461470082513873923300      

   447.610188389959856941717517968128323         444.833967633093624051959336389652442         431.197909477032380514196471200378408      

   447.435641315372913283047334184994594         444.670319773344550000078434492195807         431.087795662447828495037702063945148      

   447.261779498275144193326914965962780         444.507314381661732401350062809421062         430.978114145661933536062023305846944      

   447.088600248401888574423247291118012         444.344948935768272612837250885478466         430.868863229509018150381424716263819      

   446.916100886050243585189446807995719         444.183220923289524083432056807675205         430.760041223486338012391367231930876      

   446.744278742037600045587565608312680         444.022127841714216924891396239341923         430.651646443727923828836649133536740      

   446.573131157660340627400445624637367         443.861667198355735104614235095147280         430.543677212978525904555274960886633      

   446.402655484652700192446455657005280         443.701836510313545660979833357492370         430.436131860567660999728853808950553      

   446.232849085145787641719914952503941         443.542633304434779344419053688927999         430.329008722383761077050905007020817      

   446.063709331626768641379123129495782         443.384055117275962089733839978891560         430.222306140848423538801084525708630      

   445.895233606898208593993223616548127         443.226099495064896727513864007599291         430.116022464890762555383789309159430      

