   773.148898651165013203493904669426788         773.040825413006280738908752934404204         478.102203900440464106993096074222173      

   773.142247022874527340238712467575233         772.647788357866194420520463403188685         438.256286092993022306644899474802832      

   773.120406810924714948306902629663400         771.812112162665655215176421515029569         429.554640927441236805320468977608677      

   773.067673403256557009957694366629610         770.437328315602067125463359709002995         425.717400763831519297165568455135551      

   772.963021634092814596701316251160389         768.496489133032151990647861526188928         423.234292288759320793865609582521703      

   772.781965536223605647158259028819062         766.017657459920229975739980437513060         421.410399291567836570964032930622465      

   772.498922376895698485764368791326044         763.063327796851044897898722089681419         419.996335507035894903469432997417530      

   772.089496037383473398891551832803811         759.712164510816219849158894686409909         418.861230166139593258768449333221313      

   771.532298003558880478676588771241151         756.045890074553641816047310031198942         417.925599834539533183444163668696797      

   770.810144706711115265566985343754624         752.141246800812201020833700407770690         417.137908783239638936635047199946646      

   769.910637409544787170940197013161112         748.065879700011834527742360215131761         416.463249920210438151328934883196727      

   768.826227954228866104471053831847975         743.876853928312331263244127294997097         415.877124382941732988957578105483270      

   767.553911422654413525513100419444458         739.620752405412610859376580943464198         415.361808359828934344572087246171181      

   766.094685142345504513989778052430277         735.334607153859214549111156097914826         414.904139170785141570468466102915399      

   764.452891187268677478393425627945554         731.047185253791659646236610211142368         414.494116884861460767004306111622568      

   762.635530042854991088002017483953201         726.780346984271674153117520741165642         414.123992426449760693540903621759267      

   760.651604473586526231544520831744893         722.550325066934716080515927815738262         413.787655735559602959231131974793798      

   758.511528707495781155398482873069633         718.368855582595933894790373655215040         413.480214689943805863056048947634811      

   756.226619992281077627610450877508002         714.244138667560367868163690642293226         413.197698683507762505192798867200358      

   753.808677059785696587063752406681384         710.181632740777162838930642171070960         412.936845708086915433189735231893350      

   751.269642089195936522578297804930262         706.184698348690306574990572220591313         412.694946633563806778095944805391087      

   748.621338259725738415014534086383818         702.255112368052298294720547728258358         412.469729461469518616498385973153819      

   745.875272901475753354066620872986118         698.393473788599029984416838429305898         412.259272022519905890863075801853340      

   743.042495753399604942032408803590360         694.599520708474431680393810031921163         412.061935245131373334648619193706617      

   740.133502294030861003070526261347194         690.872375722140861050535916886734415         411.876311520596744289283916055124479      

   737.158173083262165140504237400611111         687.210734222402155934928901998120982         411.701184295413760170680533428230567      

   734.125741249123636207245621946819555         683.613007610177455737311786746582452         411.535496114594785985812884814508514      

   731.044781488984583846669283633907869         680.077431157270243896426467816438597         411.378323097139882993651716007350429      

   727.923215123879917812991657162573960         676.602144346022627371758665440759537         411.228854357513920514153423054876801      

   724.768326793440630966247997361488799         673.185249909987645263386822895360921         411.086375266837569362446989440925624      

   721.586789285878426032462087481227882         669.824856491386589770866817623641656         410.950253721863119275421289214933247      

   718.384693761184145237788525025338179         666.519108774732685325499056843249494         410.819928790263068610618965565104295      

   715.167583255710933966154960719739479         663.266208111181412089487106850217581         410.694901248764671182550299493074293      

   711.940487867500408291213112936410519         660.064425977478901234459738365713384         410.574725640989926890123253941916816      

   708.707960430742809382395369870454759         656.912112084015015674357450338410656         410.459003564818894366283355542018544      

   705.474111811061744629580742776342181         653.807698530648441064372692762234504         410.347377961972351443480359821619443      

   702.242645205970277254374713444328688         650.749701083624364100609336190549920         410.239528230518829086281090657406462      

   699.016889030131739536802238965927583         647.736718393261107789139270794501605         410.135166017917361745769548416846035      

   695.799828114308975793053981370562740         644.767429774982829253477359611013284         410.034031580760221682215051017474359      

   692.594133059568758016918047726932361         641.840592023595237525235054010771879         409.935890619604402339394959003844930      

   689.402187672206398345237695797476749         638.955035612801277300000787441206430         409.840531514680418735017213355104443      

   686.226114466283627672511114919809175         636.109660541209595552218174353645562         409.747762901967083935713190907268303      

   683.067798264700799152795416964011812         633.303432016493507964078526648452046         409.657411539968598781262182905415293      

   679.928907960388100256758564956862518         630.535376116194776461584396898853473         409.569320426167601853285503106356303      

   676.810916519687922868794777330302352         627.804575523240120594721783592321254         409.483347129043969325719656109299668      

   673.715119322813694637730790480664813         625.110165403661980094614740361187920         409.399362307118751056262854711799350      

   670.642650943360403199994976713693735         622.451329471037296195869880807895357         409.317248390993887187419723574209165      

   667.594500471721231260436678595257997         619.827296265026667257151258830495932         409.236898408033949575141784816125005      

   664.571525487098601520327163295880850         617.237335658749660068582177562176451         409.158214932348845394699944448046551      

   661.574464780478873728520215598884537         614.680755600514315335693010510888447         409.081109145220743032863969813485540      

   658.603949927146525488309362433971960         612.156899088812361849690292000252679         409.005499993179605021984762760714561      

   655.660515802557877104266153525082225         609.665141374864488562794354743697082         408.931313432652163972880512349101377      

   652.744610130059049246822980443006788         607.204887383864888972456909242519872         408.858481751553953229443703360668465      

   649.856602143300829422744421361784857         604.775569344056168479196030491620836         408.786942959414494856290493590281884      

   646.996790440480715338901655907898369         602.376644611576727827579713406086576         408.716640238662746796746251663193096      

   644.165410101877178758026184859524024         600.007593678442582437001018421239545         408.647521450585933737034831797221252      

   641.362639136636116547778429352197796         597.667918350886196613487802072918456         408.579538690235961628055484523348538      

   638.588604319493783524786231459032480         595.357140085448640370963683575047172         408.512647885214675954875416531290896      

   635.843386473118221543977019440417178         593.074798470611707202423455955252142         408.446808433839182204789604547503760      

   633.127025247047531225577293178188660         590.820449842291042597201672428338383         408.381982878685038597796955111291361      

   630.439523439809723453282652973858115         588.593666022135731326783865026255398         408.318136611939568312560122221972169      

   627.780850906726829081221733201764577         586.394033168254202233176406699225393         408.255237609379023859013876170385731      

   625.150948092129880102409400810435053         584.221150728681545058921180726078856         408.193256190119465496855497118174685      

   622.549729221230897544495910733522481         582.074630488598418615725023837514527         408.132164799588293684393302247022327      

   619.977085183699528820371643853485645         579.954095702991910880365497477044542         408.071937813426666502079266345895740      

   617.432886138059906505911834050086472         577.859180307103929593019468392015738         408.012551360266957284099321569837194      

   614.916983863341036788514803397573426         575.789528197636412081604490924657001         407.953983161537698753312925710829103      

   612.429213881964567223306200535797022         573.744792578270912973345035376857918         407.896212386634288828602453291156407      

   609.969397375620216718710263083912911         571.724635363610946965646195896901868         407.839219521959808113088731690839548      

   607.537342913844984455254181864800240         569.728726636168213839244863631766208         407.782986252488944933572606988286254      

   605.132848013171644750346855971057386         567.756744151488891065918291806863041         407.727495354641246878961533784324695      

   602.755700543029930203998045055835964         565.808372886954613265876862938432019         407.672730599369457346149045590668893      

   600.405679993056031971213485984754200         563.883304630196098189382012012550654         407.618676664476066183541303912430537      

   598.082558615079348888599093481555720         561.981237603427449797766170170502721         407.565319055267729382480354596490682      

   595.786102451797470155799603859549503         560.101876120347961716546019897557175         407.512644032744056154802824745139068      

   593.516072263009768550028478531710365         558.244930272567825430205611065485967         407.460638548595446221494247592695434      

   591.272224359246188786189048368374453         556.410115642796592620451515844784871         407.409290186355089971703079346588749      

   589.054311351691162488593712554650338         554.597153042290587630101433961183626         407.358587108113720412420418395644101      

   586.862082826454193489158400411788945         552.805768270289681706732332329681706         407.308518006262939981628880891260129      

   584.695285950470414220501471821347115         551.035691893386801802532917163326810         407.259072059784570632595821705218432      

   582.553666015618897916633239117042668         549.286659042967025545754965589928256         407.210238894650056941498353061799313      

   580.436966927016956412567399277057799         547.558409229028771868075056867632589         407.162008547935993994880274566033620      

   578.344931640878896531169632278558580         545.850686168858981570045897223176264         407.114371435299806059633412528664999      

   576.277302556812141494568330824663258         544.163237629178729003016397653891626         407.067318321493873169865242848086764      

   574.233821868957149489508335842317894         542.495815280506740362967170439697170         407.020840293627353797589370744102501      

   572.214231879955548587794469600468280         540.848174562607035672451922692967498         406.974928736912908715994163346369137      

   570.218275281349151969605833026206842         539.220074559994480052322293473672429         406.929575312660787054328959462448140      

   568.245695403667206053168901801690297         537.611277886569450747872436068749590         406.884771938305553994211636402251587      

   566.296236439146898391988557048866444         536.021550578541036817749939292063657         406.840510769271357870838572531236424      

   564.369643639749677392596645928560508         534.450661994878043707098250761797024         406.796784182500266364866260023340302      

   562.465663492880471732029650931672439         532.898384724599354545158898267585562         406.753584761485039628284299277976299      

   560.584043876985871029089076654643352         531.364494500280613422865040946967877         406.710905282662926252149538107260947      

   558.724534198998410990929493994858029         529.848770117213388307386635251918976         406.668738703040822598085534966283145      

   556.886885515405186527733759113004307         528.350993357706528865233591369035864         406.627078148934568509144477427928983      

   555.070850638548185788198307052842256         526.870948920067889568436939422825582         406.585916905716390340433553759242024      

   553.276184229609268605005195567340546         525.408424351848424045319864554378232         406.545248408474660750540179445820858      

   551.502642879593040650526045364782006         523.963209986970310760826459749155658         406.505066233499327738338547281811681      

   549.749985179494584747488965021935581         522.535098886396639886729851329353963         406.465364090514666888139622165246402      

   548.017971780724823140956472795014637         521.123886782032636517295983435698771         406.426135815588515506004781024164001      

   546.306365446763041082882986810583746         519.729372023577742209744039772150195         406.387375364653931902423573230587472      

   544.614931096912755295866688654971013         518.351355528074420434185349758519679         406.349076807585356717123703169479351      

   542.943435842952713291804299067780621         516.989640731923559240045785303161910         406.311234322776898431102806824935881      

   541.291649019398504179329619788420386         515.644033545158058293421467291335570         406.273842192175378583231763297784123      

   539.659342208021273476336847851239212         514.314342307785826454426258002209033         406.236894796725304776354089970320420      

   538.046289257207662644147698805632896         513.000377748031178470981275439956946         406.200386612187037478274267068061765      

   536.452266296688704724905000183141158         511.701952942319684530019216014281811         406.164312205293121614478133355494811      

   534.877051748114427397061632119047294         510.418883276866056608513550588477190         406.128666230211103719280048878000297      

   533.320426331904825634925065700080907         509.150986410737797613687871188635284         406.093443425284184044090471863909903      

   531.782173070766199261859501700759502         507.898082240279225995758836784279128         406.058638610023791325056640167143428      

   530.262077290224182200238603299777813         506.659992864791239980123773769310379         406.024246682330643737944242214143162      

   528.759926616490736913159651379259590         505.436542553371910446476209724896683         405.990262615923098092220872744068909      

   527.275510971951602880689826286077010         504.227557712831788043446664706479846         405.956681457953613298493102640912549      

   525.808622568532858631037851367847364         503.032866856605767237131750804006317         405.923498326795984158963028300374136      

   524.359055899180099548083885124468270         501.852300574590548018277325439389921         405.890708409987656180203695288638779      

   522.926607727660992240547902491985641         500.685691503843247614449254250777067         405.858306962312928207388869376633201      

   521.511077076881409070818719032069057         499.532874300082605493216573554461379         405.826289304014202431952523864301191      

   520.112265215886764085190510981937351         498.393685609939554631834723566626780         405.794650819119664474939004954717937      

   518.729975645703374714144941993368478         497.267964043908754209634536812139826         405.763386953876882222131019074631050      

   517.364014084159491021113381396118249         496.155550149957042146570211468868587         405.732493215282812118701926798458580      

   516.014188449811911179574676459756794         495.056286387748714206372560058297375         405.701965169701605877499633746493579      

   514.680308845091698296922715997889850         493.970017103451109437885901975449225         405.671798441562428198961310414205532      

   513.362187538771303139967148853149916         492.896588505087215469768650418859490         405.641988712130235444325357718965142      

   512.059638947845265341537316205870831         491.835848638404934086385830220120914         405.612531718343133753385446003386218      

   510.772479618907508837995966166281236         490.787647363235296968748864806915864         405.583423251710539639914895135967881      

   509.500528209099972077243458179681223         489.751836330314320041869405443829937         405.554659157266912767764685860152878      

   508.243605466699835385486796050856064         488.728268958545356542291312929655244         405.526235332576324955893244382068681      

   507.001534211405850334587410329662866         487.716800412680775419289486651862040         405.498147726783576496730659889923927      

   505.774139314378169885564975655412206         486.717287581403572642179603918664523         405.470392339707975133951953686782942      

   504.561247678080561000110719492824219         485.729589055791136155061462832244536         405.442965220976258632811962718440023      

   503.362688215968896804736010605954083         484.753565108144846648847490289188024         405.415862469191472495486894096004111      

   502.178291832065322172786692351143511         483.789077671170520520356009697791805         405.389080231134913376803621194038070      

   501.007891400453418567382323377159831         482.835990317495901480725990126452928         405.362614700998519172442073679163184      

   499.851321744726019401312972966089598         481.894168239512495124250410998824725         405.336462119645331321796451186841809      

   498.708419617414008259970350600927919         480.963478229530027100905339657798983         405.310618773895876068161205529705140      

   497.579023679421434962602167447913629         480.043788660232700050463576271166578         405.285080995838511489289280984750742      

   496.462974479489577740785165974217016         479.134969465427235922848418924690214         405.259845162161968076479296035370294      

   495.360114433710135885591867635770822         478.236892121073426657734138130583195         405.234907693508474330900299766705762      

   494.270287805105530826710248939992701         477.349429626588584596010424163520058         405.210265053846006917071575479924213      

   493.193340683292301947143983699910792         476.472456486417890929341018548226857         405.185913749858338861819674021994519      

   492.129120964241785882685352351995756         475.605848691863191823314433426634561         405.161850330351680465711804423029431      

   491.077478330150645960272664345288555         474.749483703163292874701524356156496         405.138071385676817226281602654183022      

   490.038264229432354935741941767399958         473.903240431819258076463405586036102         405.114573547165748264414465337706913      

   489.011331856839414058035333467927543         473.066999223158633798691949096029812         405.091353486581918497109024401365585      

   487.996536133724900933888815473983368         472.240641839132895367849990079706437         405.068407915583219015677614035515978      

   486.993733688450865236096540184923928         471.424051441342757183468131512730409         405.045733585197003625815636076361031      

   486.002782836950123726112485302543180         470.617112574286300154502312328498347         405.023327285306436024016079677375955      

   485.023543563447134164698613705144509         469.819711148825155463730693063839491         405.001185844147542291836983805534106      

   484.055877501342842255919817849560125         469.031734425864243897362109079639317         404.979306127816397889792096030651366      

   483.099647914267688486402720882741105         468.253071000240807577142911187634801         404.957685039785927672455273617266823      

   482.154719677306325058169154639696289         467.483610784818688045633611926699545         404.936319520431842119707849737039689      

   481.220959258397020266102901680847217         466.723244994784003218912033443876035         404.915206546567273432529660746154769      

   480.298234699908212489408756199722650         465.971866132138557486308234868486698         404.894343130985711779145875978817847      

   479.386415600394212889526611872046714         465.229367970387485787849742247922447         404.873726322011875163796894937331007      

   478.485373096531639907601026845490080         464.495645539417785269317214966377597         404.853353203060176456007953647136934      

   477.594979845237795187841866371968793         463.770595110564528397590425812327820         404.833220892200478361470791701215585      

   476.715110005971855510095379616303498         463.054114181861680386829584817388858         404.813326541730851806378386687501244      

   475.845639223219454981105355350481895         462.346101463474562498505024252031224         404.793667337757075589278766060705536      

   474.986444609160962751182702440577087         461.646456863311112193601154585794219         404.774240499778635448854812473232400      

   474.137404726523520855516081534246611         460.955081472809192100150582153645803         404.755043280280999101971162531133995      

   473.298399571616691682736530357269502         460.271877552897293097478724549677127         404.736072964333960504218722256810619      

   472.469310557551372566639675597479644         459.596748520126063219174621835448995         404.717326869195861738110995740222853      

   471.650020497641463837407341497186157         458.929598932968174181178778462044717         404.698802343923514689497195233477314      

   470.840413588987624328847156762101124         458.270334478284111729620729899085290         404.680496768987657163979614684184678      

   470.040375396242312985379338982697130         457.618861957951545199936606712681904         404.662407555893789442707793650009424      

   469.249792835555195190073718469297095         456.975089275655996159103152584190631         404.644532146808247589871022772697293      

   468.468554158697886245461068907500841         456.338925423840586196049818924327920         404.626868014189379201082974691301607      

   467.696548937366910728487343780431862         455.710280470812700220056668976549960         404.609412660423695811765681281760551      

   466.933668047663673986317903652092202         455.089065548005454374825056242932373         404.592163617466883948176505961231795      

   466.179803654750169734820037255120045         454.475192837391907195085788951774559         404.575118446489563873745017887374548      

   465.434849197679084566883538811648843         453.868575559049999211007740880380974         404.558274737527691525782473461089162      

   464.698699374396905269848829237377010         453.269127958876250103863513667865900         404.541630109137505011971424813758578      

   463.971250126918587373688144840408159         452.676765296446283970244286579589399         404.525182208054922396208814662920486      

   463.252398626672302566299229048448321         452.091403833020292475079167220863771         404.508928708859302398077118829388811      

   462.542043260012747852440580997427820         451.512960819691582859070939834235928         404.492867313641484103505699235143512      

   461.840083613901469995812103334404896         450.941354485676393088891389040828404         404.476995751676025875893249360378940      

   461.146420461752634324984762272459892         450.376504026743190057032196671205188         404.461311779097567403114579417045747      

   460.460955749442646911227211561590950         449.818329593779698796076434526013330         404.445813178581242249006726562448437      

   459.783592581482022995149104322663403         449.266752281495941299314022212104032         404.430497759027071427579770850995345      

   459.114235207347881947772553153719011         448.721694117261592853817256204689661         404.415363355248271410968322374401149      

   458.452789007975439637240065491130746         448.183078050075991900006199814539097         404.400407827663412642124254630619063      

   457.799160482406862507024780556565523         447.650827939669166430053840100140722         404.385629061992367072240199489175928      

   457.153257234595843659087395326931880         447.124868545732265913847985153067731         404.371024968955985500594126675143568      

   456.514987960366259508446408395837694         446.605125517275812775100917368947515         404.356593483979447578742369768844825      

   455.884262434523265892528042954512409         446.091525382114211603639994384383236         404.342332566899229267883386523166697      

   455.260991498115194661297208811010385         445.583995536474977648291721220246410         404.328240201673634322349463310416890      

   454.645087045844615545574124122807794         445.082464234731168747404195158156934         404.314314396096838026748577535347993      

   454.036462013626933323287831419119496         444.586860579255526774778783449463068         404.300553181516392951205160307691145      

   453.435030366294896816186819037840399         444.097114510394855956489027115816668         404.286954612554147919229947796565595      

   452.840707085447403907839307671860289         443.613156796563186093160087440576511         404.273516766830532715749851472100053      

   452.253408157440995446871933429652666         443.134919024452288843119109301047180         404.260237744692162307582759473678564      

   451.673050561522440469356970857985729         442.662333589358134821091929535884243         404.247115668942715513142046678043186      

   451.099552258100825534659068500185625         442.195333685621898378182784688959968         404.234148684577044149633248917894919      

   450.532832177157572023929225675808173         441.733853297184135582096906258291721         404.221334958518469711004925408199036      

   449.972810206792816913261327296145595         441.277827188250779139600132905388177         404.208672679359225594359298219756943      

   449.419407181906604726310614953921162         440.827190894069611821245243394446458         404.196160057104003801775514771001866      

   448.872544873013351023629774574464161         440.381880711815897384396711285236156         404.183795322916565903400469683803190      

   448.332145975188050834790849878704051         439.941833691585865065504943528960076         404.171576728869378860610323452485838      

   447.798134097142718827511402560708207         439.506987627496760445545458578607832         404.159502547696237079015605901316464      

   447.270433750431561684163745714299733         439.077281048892191901024885235642933         404.147571072547832793673497054672209      

   446.748970338783397074031996900706768         438.652653211651517952946534894377454         404.135780616750237586341897036114026      

   446.233670147559847727955604625159831         438.233044089602036632252589457650078         404.124129513566258499913085672044748      

   445.724460333337853403221415838470425         437.818394366032753505920824796354600         404.112616115959632850973903977307634      

   445.221268913615057937194719407512972         437.408645425308520265384049809954824         404.101238796362026450176753965027569      

   444.724024756636643098096146838400834         437.003739344583350779546889515963340         404.089995946442800523966170289226072      

   444.232657571342195523515532933499631         436.603618885611736268772397069232454         404.078885976881513192178443506197953      

   443.747097897431207667482766286508226         436.208227486656795773349255580067793         404.067907317143121895919925529073420      

   443.267277095545828333492848204022878         435.817509254494112378929044978758052         404.057058415255853690568135513696598      

   442.793127337569493034393371128399609         435.431408956510119730363065434383025         404.046337737591710821211352853518728      

   442.324581597040079073133796311867241         435.049872012893917221774400161292380         404.035743768649579483692142705062441      

   441.861573639676244865554531168595574         434.672844488921405901519282355630803         404.025275010840910144868825046616194      

   441.404038014015627613847326458348667         434.300273087330650582361239492603274         404.014929984277938251864276399572634      

   440.951910042163587974751172295281704         433.932105140787386905680326061492402         404.004707226564414602939782573255635      

   440.505125810651204839033014739072789         433.568288604439605179428279587939812         403.994605292588815083126926857034139      

   440.063622161401237738649188175313692         433.208772048560155697999009799407527         403.984622754319999886703317507045263      

   439.627336682800788716615333966684984         432.853504651276332963047540256327542         403.974758200605292756763520657141473      

   439.196207700879409724459466275524557         432.502436191385408762080479507764495         403.965010236970951170201813754248630      

   438.770174270591415746531708271252078         432.155517041255096430592781156487747         403.955377485424998785013501925061147      

   438.349176167201177883550135682381929         431.812698159807940827614434661778318         403.945858584262391846505856340400767      

   437.933153877770184554467780685087582         431.473931085588640597495485610225714         403.936452187872491620306979270986370      

   437.522048592744672791608585481101213         431.139167929913321176121284609545394         403.927156966548815283444044150002471      

