   0.00000000000000000000000000000000000      
   3.34227299289270408554454082728956261      
   6.68454598578540817108908165457912523      
   10.0268189786781122566336224818686894      
   13.3690919715708163421781633091582505      
   16.7113649644635204277227041364478131      
   20.0536379573562245132672449637373788      
   23.3959109502489285988117857910269352      
   26.7381839431416326843563266183165009      
   30.0804569360343367699008674456060635      
   33.4227299289270408554454082728956323      
   36.7650029218197449409899491001851980      
   40.1072759147124490265344899274747637      
   43.4495489076051531120790307547643232      
   46.7918219004978571976235715820538951      
   50.1340948933905612831681124093434546      
   53.4763678862832653687126532366330265      
   56.8186408791759694542571940639225860      
   60.1609138720686735398017348912121517      
   63.5031868649613776253462757185017112      
   66.8454598578540817108908165457912769      
   70.1877328507467857964353573730808550      
   73.5300058436394898819798982003704083      
   76.8722788365321939675244390276599863      
   80.2145518294248980530689798549495397      
   83.5568248223176021386135206822391054      
   86.8990978152103062241580615095286834      
   90.2413708081030103097026023368182368      
   93.5836438009957143952471431641078025      
   96.9259167938884184807916839913973682      
   100.268189786781122566336224818686922      
   103.610462779673826651880765645976487      
   106.952735772566530737425306473266065      
   110.295008765459234822969847300555619      
   113.637281758351938908514388127845209      
   116.979554751244642994058928955134738      
   120.321827744137347079603469782424328      
   123.664100737030051165148010609713894      
   127.006373729922755250692551437003459      
   130.348646722815459336237092264293025      
   133.690919715708163421781633091582579      
   137.033192708600867507326173918872157      
   140.375465701493571592870714746161710      
   143.717738694386275678415255573451263      
   147.060011687278979763959796400740841      
   150.402284680171683849504337228030419      
   153.744557673064387935048878055319973      
   157.086830665957092020593418882609551      
   160.429103658849796106137959709899104      
   163.771376651742500191682500537188657      
   167.113649644635204277227041364478211      
   170.455922637527908362771582191767789      
   173.798195630420612448316123019057367      
   177.140468623313316533860663846346920      
   180.482741616206020619405204673636474      
   183.825014609098724704949745500926052      
   187.167287601991428790494286328215605      
   190.509560594884132876038827155505158      
   193.851833587776836961583367982794736      
   197.194106580669541047127908810084290      
   200.536379573562245132672449637373843      
   203.878652566454949218216990464663421      
   207.220925559347653303761531291952975      
   210.563198552240357389306072119242577      
   213.905471545133061474850612946532131      
   217.247744538025765560395153773821659      
   220.590017530918469645939694601111237      
   223.932290523811173731484235428400840      
   227.274563516703877817028776255690418      
   230.616836509596581902573317082979971      
   233.959109502489285988117857910269475      
   237.301382495381990073662398737559029      
   240.643655488274694159206939564848656      
   243.985928481167398244751480392138234      
   247.328201474060102330296021219427787      
   250.670474466952806415840562046717341      
   254.012747459845510501385102874006919      
   257.355020452738214586929643701296448      
   260.697293445630918672474184528586050      
   264.039566438523622758018725355875604      
   267.381839431416326843563266183165157      
   270.724112424309030929107807010454710      
   274.066385417201735014652347837744313      
   277.408658410094439100196888665033866      
   280.750931402987143185741429492323420      
   284.093204395879847271285970319612973      
   287.435477388772551356830511146902527      
   290.777750381665255442375051974192129      
   294.120023374557959527919592801481683      
   297.462296367450663613464133628771236      
   300.804569360343367699008674456060839      
   304.146842353236071784553215283350343      
   307.489115346128775870097756110639945      
   310.831388339021479955642296937929548      
   314.173661331914184041186837765219101      
   317.515934324806888126731378592508655      
   320.858207317699592212275919419798208      
   324.200480310592296297820460247087762      
   327.542753303485000383365001074377315      
   330.885026296377704468909541901666918      
   334.227299289270408554454082728956422      
   337.569572282163112639998623556245975      
   340.911845275055816725543164383535578      
   344.254118267948520811087705210825131      
   347.596391260841224896632246038114734      
   350.938664253733928982176786865404287      
   354.280937246626633067721327692693840      
   357.623210239519337153265868519983394      
   360.965483232412041238810409347272947      
   364.307756225304745324354950174562501      
   367.650029218197449409899491001852103      
   370.992302211090153495444031829141657      
   374.334575203982857580988572656431210      
   377.676848196875561666533113483720763      
   381.019121189768265752077654311010317      
   384.361394182660969837622195138299919      
   387.703667175553673923166735965589473      
   391.045940168446378008711276792879026      
   394.388213161339082094255817620168579      
   397.730486154231786179800358447458133      
   401.072759147124490265344899274747686      
   404.415032140017194350889440102037289      
   407.757305132909898436433980929326842      
   411.099578125802602521978521756616396      
   414.441851118695306607523062583905949      
   417.784124111588010693067603411195502      
   421.126397104480714778612144238485154      
   424.468670097373418864156685065774708      
   427.810943090266122949701225893064261      
   431.153216083158827035245766720353765      
   434.495489076051531120790307547643319      
   437.837762068944235206334848374932872      
   441.180035061836939291879389202222475      
   444.522308054729643377423930029512028      
   447.864581047622347462968470856801680      
   451.206854040515051548513011684091135      
   454.549127033407755634057552511380836      
   457.891400026300459719602093338670291      
   461.233673019193163805146634165959943      
   464.575946012085867890691174993249496      
   467.918219004978571976235715820538951      
   471.260491997871276061780256647828652      
   474.602764990763980147324797475118058      
   477.945037983656684232869338302407759      
   481.287310976549388318413879129697312      
   484.629583969442092403958419956986866      
   487.971856962334796489502960784276468      
   491.314129955227500575047501611565874      
   494.656402948120204660592042438855575      
   497.998675941012908746136583266145128      
   501.340948933905612831681124093434682      
   504.683221926798316917225664920724235      
   508.025494919691021002770205748013838      
   511.367767912583725088314746575303391      
   514.710040905476429173859287402592895      
   518.052313898369133259403828229882547      
   521.394586891261837344948369057172101      
   524.736859884154541430492909884461654      
   528.079132877047245516037450711751207      
   531.421405869939949601581991539040859      
   534.763678862832653687126532366330314      
   538.105951855725357772671073193619867      
   541.448224848618061858215614020909421      
   544.790497841510765943760154848198974      
   548.132770834403470029304695675488626      
   551.475043827296174114849236502778081      
   554.817316820188878200393777330067733      
   558.159589813081582285938318157357286      
   561.501862805974286371482858984646840      
   564.844135798866990457027399811936393      
   568.186408791759694542571940639225946      
   571.528681784652398628116481466515598      
   574.870954777545102713661022293805053      
   578.213227770437806799205563121094705      
   581.555500763330510884750103948384258      
   584.897773756223214970294644775673713      
   588.240046749115919055839185602963365      
   591.582319742008623141383726430252919      
   594.924592734901327226928267257542472      
   598.266865727794031312472808084832124      
   601.609138720686735398017348912121677      
   604.951411713579439483561889739411231      
   608.293684706472143569106430566700685      
   611.635957699364847654650971393990337      
   614.978230692257551740195512221279891      
   618.320503685150255825740053048569444      
   621.662776678042959911284593875859096      
   625.005049670935663996829134703148649      
   628.347322663828368082373675530438203      
   631.689595656721072167918216357727756      
   635.031868649613776253462757185017310      
   638.374141642506480339007298012306863      
   641.716414635399184424551838839596416      
   645.058687628291888510096379666885970      
   648.400960621184592595640920494175523      
   651.743233614077296681185461321465076      
   655.085506606970000766730002148754630      
   658.427779599862704852274542976044282      
   661.770052592755408937819083803333835      
   665.112325585648113023363624630623388      
   668.454598578540817108908165457912843      
   671.796871571433521194452706285202397      
   675.139144564326225279997247112491851      
   678.481417557218929365541787939781405      
   681.823690550111633451086328767070860      
   685.165963543004337536630869594360413      
   688.508236535897041622175410421649966      
   691.850509528789745707719951248939322      
   695.192782521682449793264492076228876      
   698.535055514575153878809032903518429      
   701.877328507467857964353573730807884      
   705.219601500360562049898114558097339      
   708.561874493253266135442655385386892      
   711.904147486145970220987196212676347      
   715.246420479038674306531737039965900      
   718.588693471931378392076277867255454      
   721.930966464824082477620818694544810      
   725.273239457716786563165359521834363      
   728.615512450609490648709900349123916      
   731.957785443502194734254441176413470      
   735.300058436394898819798982003702925      
   738.642331429287602905343522830992379      
   741.984604422180306990888063658281933      
   745.326877415073011076432604485571387      
   748.669150407965715161977145312860941      
   752.011423400858419247521686140150396      
   755.353696393751123333066226967439850      
   758.695969386643827418610767794729305      
   762.038242379536531504155308622018858      
   765.380515372429235589699849449308412      
   768.722788365321939675244390276597867      
   772.065061358214643760788931103887420      
   775.407334351107347846333471931176875      
   778.749607344000051931878012758466428      
   782.091880336892756017422553585755883      
   785.434153329785460102967094413045436      
   788.776426322678164188511635240334891      
   792.118699315570868274056176067624346      
   795.460972308463572359600716894913899      
   798.803245301356276445145257722203354      
   802.145518294248980530689798549492907      
   805.487791287141684616234339376782362      
   808.830064280034388701778880204071915      
   812.172337272927092787323421031361370      
   815.514610265819796872867961858650924      
   818.856883258712500958412502685940378      
   822.199156251605205043957043513229833      
   825.541429244497909129501584340519386      
   828.883702237390613215046125167808841      
   832.225975230283317300590665995098395      
   835.568248223176021386135206822387849      
   838.910521216068725471679747649677403      
   842.252794208961429557224288476966956      
   845.595067201854133642768829304256411      
   848.937340194746837728313370131545964      
   852.279613187639541813857910958835320      
   855.621886180532245899402451786124874      
   858.964159173424949984946992613414427      
   862.306432166317654070491533440703783      
   865.648705159210358156036074267993337      
   868.990978152103062241580615095282890      
   872.333251144995766327125155922572345      
   875.675524137888470412669696749861898      
   879.017797130781174498214237577151451      
   882.360070123673878583758778404440808      
   885.702343116566582669303319231730361      
   889.044616109459286754847860059019914      
   892.386889102351990840392400886309468      
   895.729162095244694925936941713598922      
   899.071435088137399011481482540888476      
   902.413708081030103097026023368177832      
   905.755981073922807182570564195467385      
   909.098254066815511268115105022756840      
   912.440527059708215353659645850046394      
   915.782800052600919439204186677335947      
   919.125073045493623524748727504625500      
   922.467346038386327610293268331914955      
   925.809619031279031695837809159204311      
   929.151892024171735781382349986493865      
   932.494165017064439866926890813783418      
   935.836438009957143952471431641072971      
   939.178711002849848038015972468362426      
   942.520983995742552123560513295651782      
   945.863256988635256209105054122941336      
   949.205529981527960294649594950230889      
   952.547802974420664380194135777520442      
   955.890075967313368465738676604809897      
   959.232348960206072551283217432099450      
   962.574621953098776636827758259388807      
   965.916894945991480722372299086678360      
   969.259167938884184807916839913967913      
   972.601440931776888893461380741257368      
   975.943713924669592979005921568546921      
   979.285986917562297064550462395836475      
   982.628259910455001150095003223126028      
   985.970532903347705235639544050415286      
   989.312805896240409321184084877704839      
   992.655078889133113406728625704994392      
   995.997351882025817492273166532283946      
   999.339624874918521577817707359573499      
   1002.68189786781122566336224818686295      
   1006.02417086070392974890678901415231      
   1009.36644385359663383445132984144186      
   1012.70871684648933791999587066873142      
   1016.05098983938204200554041149602087      
   1019.39326283227474609108495232331043      
   1022.73553582516745017662949315059998      
   1026.07780881806015426217403397788963      
   1029.42008181095285834771857480517889      
   1032.76235480384556243326311563246834      
   1036.10462779673826651880765645975799      
   1039.44690078963097060435219728704745      
   1042.78917378252367468989673811433710      
   1046.13144677541637877544127894162656      
   1049.47371976830908286098581976891581      
   1052.81599276120178694653036059620527      
   1056.15826575409449103207490142349492      
   1059.50053874698719511761944225078457      
   1062.84281173987989920316398307807403      
   1066.18508473277260328870852390536348      
   1069.52735772566530737425306473265274      
   1072.86963071855801145979760555994239      
   1076.21190371145071554534214638723204      
   1079.55417670434341963088668721452150      
   1082.89644969723612371643122804181095      
   1086.23872269012882780197576886910060      
   1089.58099568302153188752030969639006      
   1092.92326867591423597306485052367932      
   1096.26554166880694005860939135096897      
   1099.60781466169964414415393217825842      
   1102.95008765459234822969847300554808      
   1106.29236064748505231524301383283753      
   1109.63463364037775640078755466012699      
   1112.97690663327046048633209548741624      
   1116.31917962616316457187663631470589      
   1119.66145261905586865742117714199555      
   1123.00372561194857274296571796928480      
   1126.34599860484127682851025879657446      
   1129.68827159773398091405479962386391      
   1133.03054459062668499959934045115356      
   1136.37281758351938908514388127844302      
   1139.71509057641209317068842210573247      
   1143.05736356930479725623296293302193      
   1146.39963656219750134177750376031158      
   1149.74190955509020542732204458760103      
   1153.08418254798290951286658541489069      
   1156.42645554087561359841112624217994      
   1159.76872853376831768395566706946940      
   1163.11100152666102176950020789675905      
   1166.45327451955372585504474872404851      
   1169.79554751244642994058928955133796      
   1173.13782050533913402613383037862741      
   1176.48009349823183811167837120591687      
   1179.82236649112454219722291203320652      
   1183.16463948401724628276745286049598      
   1186.50691247690995036831199368778543      
   1189.84918546980265445385653451507489      
   1193.19145846269535853940107534236454      
   1196.53373145558806262494561616965419      
   1199.87600444848076671049015699694325      
   1203.21827744137347079603469782423270      
   1206.56055043426617488157923865152236      
   1209.90282342715887896712377947881201      
   1213.24509642005158305266832030610146      
   1216.58736941294428713821286113339112      
   1219.92964240583699122375740196068037      
   1223.27191539872969530930194278797003      
   1226.61418839162239939484648361525948      
   1229.95646138451510348039102444254913      
   1233.29873437740780756593556526983839      
   1236.64100737030051165148010609712804      
   1239.98328036319321573702464692441750      
   1243.32555335608591982256918775170695      
   1246.66782634897862390811372857899641      
   1250.01009934187132799365826940628606      
   1253.35237233476403207920281023357551      
   1256.69464532765673616474735106086516      
   1260.03691832054944025029189188815462      
   1263.37919131344214433583643271544368      
   1266.72146430633484842138097354273333      
   1270.06373729922755250692551437002298      
   1273.40601029212025659247005519731244      
   1276.74828328501296067801459602460189      
   1280.09055627790566476355913685189135      
   1283.43282927079836884910367767918100      
   1286.77510226369107293464821850647045      
   1290.11737525658377702019275933376011      
   1293.45964824947648110573730016104936      
   1296.80192124236918519128184098833902      
   1300.14419423526188927682638181562847      
   1303.48646722815459336237092264291812      
   1306.82874022104729744791546347020738      
   1310.17101321394000153346000429749703      
   1313.51328620683270561900454512478649      
   1316.85555919972540970454908595207614      
   1320.19783219261811379009362677936559      
   1323.54010518551081787563816760665505      
   1326.88237817840352196118270843394431      
   1330.22465117129622604672724926123396      
   1333.56692416418893013227179008852341      
   1336.90919715708163421781633091581306      
   1340.25147014997433830336087174310252      
   1343.59374314286704238890541257039197      
   1346.93601613575974647444995339768143      
   1350.27828912865245055999449422497108      
   1353.62056212154515464553903505226054      
   1356.96283511443785873108357587955019      
   1360.30510810733056281662811670683964      
   1363.64738110022326690217265753412910      
   1366.98965409311597098771719836141855      
   1370.33192708600867507326173918870801      
   1373.67420007890137915880628001599746      
   1377.01647307179408324435082084328711      
   1380.35874606468678732989536167057657      
   1383.70101905757949141543990249786622      
   1387.04329205047219550098444332515548      
   1390.38556504336489958652898415244513      
   1393.72783803625760367207352497973458      
   1397.07011102915030775761806580702424      
   1400.41238402204301184316260663431349      
   1403.75465701493571592870714746160315      
   1407.09693000782842001425168828889240      
   1410.43920300072112409979622911618206      
   1413.78147599361382818534076994347151      
   1417.12374898650653227088531077076116      
   1420.46602197939923635642985159805062      
   1423.80829497229194044197439242534027      
   1427.15056796518464452751893325262953      
   1430.49284095807734861306347407991898      
   1433.83511395097005269860801490720844      
   1437.17738694386275678415255573449809      
   1440.51965993675546086969709656178754      
   1443.86193292964816495524163738907719      
   1447.20420592254086904078617821636665      
   1450.54647891543357312633071904365610      
   1453.88875190832627721187525987094556      
   1457.23102490121898129741980069823521      
   1460.57329789411168538296434152552467      
   1463.91557088700438946850888235281412      
   1467.25784387989709355405342318010358      
   1470.60011687278979763959796400739303      
   1473.94238986568250172514250483468248      
   1477.28466285857520581068704566197214      
   1480.62693585146790989623158648926159      
   1483.96920884436061398177612731655124      
   1487.31148183725331806732066814384070      
   1490.65375483014602215286520897113035      
   1493.99602782303872623840974979841941      
   1497.33830081593143032395429062570906      
   1500.68057380882413440949883145299852      
   1504.02284680171683849504337228028817      
   1507.36511979460954258058791310757762      
   1510.70739278750224666613245393486708      
   1514.04966578039495075167699476215653      
   1517.39193877328765483722153558944619      
   1520.73421176618035892276607641673564      
   1524.07648475907306300831061724402510      
   1527.41875775196576709385515807131455      
   1530.76103074485847117939969889860420      
   1534.10330373775117526494423972589366      
   1537.44557673064387935048878055318311      
   1540.78784972353658343603332138047257      
   1544.13012271642928752157786220776222      
   1547.47239570932199160712240303505167      
   1550.81466870221469569266694386234132      
   1554.15694169510739977821148468963058      
   1557.49921468800010386375602551692004      
   1560.84148768089280794930056634420949      
   1564.18376067378551203484510717149914      
   1567.52603366667821612038964799878860      
   1570.86830665957092020593418882607805      
   1574.21057965246362429147872965336751      
   1577.55285264535632837702327048065716      
   1580.89512563824903246256781130794661      
   1584.23739863114173654811235213523607      
   1587.57967162403444063365689296252552      
   1590.92194461692714471920143378981518      
   1594.26421760981984880474597461710463      
   1597.60649060271255289029051544439428      
   1600.94876359560525697583505627168354      
   1604.29103658849796106137959709897319      
   1607.63330958139066514692413792626265      
   1610.97558257428336923246867875355230      
   1614.31785556717607331801321958084195      
   1617.66012856006877740355776040813121      
   1621.00240155296148148910230123542047      
   1624.34467454585418557464684206271012      
   1627.68694753874688966019138288999957      
   1631.02922053163959374573592371728903      
   1634.37149352453229783128046454457848      
   1637.71376651742500191682500537186813      
   1641.05603951031770600236954619915759      
   1644.39831250321041008791408702644724      
   1647.74058549610311417345862785373650      
   1651.08285848899581825900316868102615      
   1654.42513148188852234454770950831561      
   1657.76740447478122643009225033560526      
   1661.10967746767393051563679116289452      
   1664.45195046056663460118133199018417      
   1667.79422345345933868672587281747362      
   1671.13649644635204277227041364476327      
   1674.47876943924474685781495447205293      
   1677.82104243213745094335949529934218      
   1681.16331542503015502890403612663164      
   1684.50558841792285911444857695392109      
   1687.84786141081556319999311778121055      
   1691.19013440370826728553765860850020      
   1694.53240739660097137108219943578946      
   1697.87468038949367545662674026307911      
   1701.21695338238637954217128109036856      
   1704.55922637527908362771582191765822      
   1707.90149936817178771326036274494747      
   1711.24377236106449179880490357223713      
   1714.58604535395719588434944439952658      
   1717.92831834684989996989398522681623      
   1721.27059133974260405543852605410569      
   1724.61286433263530814098306688139534      
   1727.95513732552801222652760770868440      
   1731.29741031842071631207214853597405      
   1734.63968331131342039761668936326351      
   1737.98195630420612448316123019055316      
   1741.32422929709882856870577101784261      
   1744.66650228999153265425031184513226      
   1748.00877528288423673979485267242152      
   1751.35104827577694082533939349971117      
   1754.69332126866964491088393432700063      
   1758.03559426156234899642847515429028      
   1761.37786725445505308197301598157954      
   1764.72014024734775716751755680886919      
   1768.06241324024046125306209763615865      
   1771.40468623313316533860663846344830      
   1774.74695922602586942415117929073795      
   1778.08923221891857350969572011802701      
   1781.43150521181127759524026094531646      
   1784.77377820470398168078480177260612      
   1788.11605119759668576632934259989557      
   1791.45832419048938985187388342718503      
   1794.80059718338209393741842425447448      
   1798.14287017627479802296296508176413      
   1801.48514316916750210850750590905398      
   1804.82741616206020619405204673634324      
   1808.16968915495291027959658756363230      
   1811.51196214784561436514112839092235      
   1814.85423514073831845068566921821141      
   1818.19650813363102253623021004550145      
   1821.53878112652372662177475087279051      
   1824.88105411941643070731929170007997      
   1828.22332711230913479286383252736962      
   1831.56560010520183887840837335465907      
   1834.90787309809454296395291418194892      
   1838.25014609098724704949745500923818      
   1841.59241908387995113504199583652764      
   1844.93469207677265522058653666381729      
   1848.27696506966535930613107749110635      
   1851.61923806255806339167561831839639      
   1854.96151105545076747722015914568546      
   1858.30378404834347156276469997297511      
   1861.64605704123617564830924080026456      
   1864.98833003412887973385378162755421      
   1868.33060302702158381939832245484347      
   1871.67287601991428790494286328213312      
   1875.01514901280699199048740410942258      
   1878.35742200569969607603194493671223      
   1881.69969499859240016157648576400188      
   1885.04196799148510424712102659129114      
   1888.38424098437780833266556741858059      
   1891.72651397727051241821010824587025      
   1895.06878697016321650375464907315990      
   1898.41105996305592058929918990044935      
   1901.75333295594862467484373072773841      
   1905.09560594884132876038827155502846      
   1908.43787894173403284593281238231752      
   1911.78015193462673693147735320960717      
   1915.12242492751944101702189403689682      
   1918.46469792041214510256643486418608      
   1921.80697091330484918811097569147593      
   1925.14924390619755327365551651876519      
   1928.49151689909025735920005734605504      
   1931.83378989198296144474459817334430      
   1935.17606288487566553028913900063336      
   1938.51833587776836961583367982792340      
   1941.86060887066107370137822065521246      
   1945.20288186355377778692276148250251      
   1948.54515485644648187246730230979157      
   1951.88742784933918595801184313708102      
   1955.22970084223189004355638396437087      
   1958.57197383512459412910092479166013      
   1961.91424682801729821464546561894959      
   1965.25651982091000230019000644623924      
   1968.59879281380270638573454727352889      
   1971.94106580669541047127908810081834      
   1975.28333879958811455682362892810740      
   1978.62561179248081864236816975539706      
   1981.96788478537352272791271058268651      
   1985.31015777826622681345725140997616      
   1988.65243077115893089900179223726582      
   1991.99470376405163498454633306455527      
   1995.33697675694433907009087389184453      
   1998.67924974983704315563541471913418      
   2002.02152274272974724117995554642383      
   2005.36379573562245132672449637371329      
   2008.70606872851515541226903720100294      
   2012.04834172140785949781357802829200      
   2015.39061471430056358335811885558145      
   2018.73288770719326766890265968287111      
   2022.07516070008597175444720051016036      
   2025.41743369297867583999174133745021      
   2028.75970668587137992553628216473947      
   2032.10197967876408401108082299202932      
   2035.44425267165678809662536381931877      
   2038.78652566454949218216990464660803      
   2042.12879865744219626771444547389788      
   2045.47107165033490035325898630118714      
   2048.81334464322760443880352712847679      
   2052.15561763612030852434806795576624      
   2055.49789062901301260989260878305570      
   2058.84016362190571669543714961034555      
   2062.18243661479842078098169043763461      
   2065.52470960769112486652623126492446      
   2068.86698260058382895207077209221352      
   2072.20925559347653303761531291950337      
   2075.55152858636923712315985374679282      
   2078.89380157926194120870439457408228      
   2082.23607457215464529424893540137173      
   2085.57834756504734937979347622866119      
   2088.92062055794005346533801705595064      
   2092.26289355083275755088255788324049      
   2095.60516654372546163642709871052995      
   2098.94743953661816572197163953781901      
   2102.28971252951086980751618036510846      
   2105.63198552240357389306072119239792      
   2108.97425851529627797860526201968776      
   2112.31653150818898206414980284697722      
   2115.65880450108168614969434367426667      
   2119.00107749397439023523888450155652      
   2122.34335048686709432078342532884558      
   2125.68562347975979840632796615613543      
   2129.02789647265250249187250698342489      
   2132.37016946554520657741704781071395      
   2135.71244245843791066296158863800380      
   2139.05471545133061474850612946529286      
   2142.39698844422331883405067029258310      
   2145.73926143711602291959521111987216      
   2149.08153443000872700513975194716162      
   2152.42380742290143109068429277445147      
   2155.76608041579413517622883360174053      
   2159.10835340868683926177337442903037      
   2162.45062640157954334731791525631983      
   2165.79289939447224743286245608360889      
   2169.13517238736495151840699691089874      
   2172.47744538025765560395153773818780      
   2175.81971837315035968949607856547765      
   2179.16199136604306377504061939276710      
   2182.50426435893576786058516022005656      
   2185.84653735182847194612970104734641      
   2189.18881034472117603167424187463547      
   2192.53108333761388011721878270192532      
   2195.87335633050658420276332352921477      
   2199.21562932339928828830786435650423      
   2202.55790231629199237385240518379368      
   2205.90017530918469645939694601108353      
   2209.24244830207740054494148683837259      
   2212.58472129497010463048602766566244      
   2215.92699428786280871603056849295189      
   2219.26926728075551280157510932024135      
   2222.61154027364821688711965014753080      
   2225.95381326654092097266419097481986      
   2229.29608625943362505820873180211011      
   2232.63835925232632914375327262939917      
   2235.98063224521903322929781345668862      
   2239.32290523811173731484235428397847      
   2242.66517823100444140038689511126753      
   2246.00745122389714548593143593855738      
   2249.34972421678984957147597676584684      
   2252.69199720968255365702051759313590      
   2256.03427020257525774256505842042575      
   2259.37654319546796182810959924771481      
   2262.71881618836066591365414007500505      
   2266.06108918125336999919868090229411      
   2269.40336217414607408474322172958357      
   2272.74563516703877817028776255687341      
   2276.08790815993148225583230338416247      
   2279.43018115282418634137684421145232      
   2282.77245414571689042692138503874178      
   2286.11472713860959451246592586603123      
   2289.45700013150229859801046669332069      
   2292.79927312439500268355500752061054      
   2296.14154611728770676909954834789999      
   2299.48381911018041085464408917518905      
   2302.82609210307311494018863000247851      
   2306.16836509596581902573317082976836      
   2309.51063808885852311127771165705781      
   2312.85291108175122719682225248434727      
   2316.19518407464393128236679331163672      
   2319.53745706753663536791133413892618      
   2322.87973006042933945345587496621563      
   2326.22200305332204353900041579350548      
   2329.56427604621474762454495662079454      
   2332.90654903910745171008949744808439      
   2336.24882203200015579563403827537384      
   2339.59109502489285988117857910266330      
   2342.93336801778556396672311992995275      
   2346.27564101067826805226766075724181      
   2349.61791400357097213781220158453206      
   2352.96018699646367622335674241182112      
   2356.30245998935638030890128323911097      
   2359.64473298224908439444582406640042      
   2362.98700597514178847999036489368948      
   2366.32927896803449256553490572097933      
   2369.67155196092719665107944654826879      
   2373.01382495381990073662398737555863      
   2376.35609794671260482216852820284770      
   2379.69837093960530890771306903013676      
   2383.04064393249801299325760985742700      
   2386.38291692539071707880215068471645      
   2389.72518991828342116434669151200591      
   2393.06746291117612524989123233929536      
   2396.40973590406882933543577316658482      
   2399.75200889696153342098031399387467      
   2403.09428188985423750652485482116373      
   2406.43655488274694159206939564845318      
   2409.77882787563964567761393647574264      
   2413.12110086853234976315847730303249      
   2416.46337386142505384870301813032194      
   2419.80564685431775793424755895761140      
   2423.14791984721046201979209978490046      
   2426.49019284010316610533664061219031      
   2429.83246583299587019088118143947976      
   2433.17473882588857427642572226676921      
   2436.51701181878127836197026309405867      
   2439.85928481167398244751480392134773      
   2443.20155780456668653305934474863758      
   2446.54383079745939061860388557592703      
   2449.88610379035209470414842640321649      
   2453.22837678324479878969296723050634      
   2456.57064977613750287523750805779579      
   2459.91292276903020696078204888508525      
   2463.25519576192291104632658971237470      
   2466.59746875481561513187113053966376      
   2469.93974174770831921741567136695401      
   2473.28201474060102330296021219424307      
   2476.62428773349372738850475302153292      
   2479.96656072638643147404929384882237      
   2483.30883371927913555959383467611183      
   2486.65110671217183964513837550340128      
   2489.99337970506454373068291633069034      
   2493.33565269795724781622745715798058      
   2496.67792569084995190177199798526964      
   2500.02019868374265598731653881255910      
   2503.36247167663536007286107963984855      
   2506.70474466952806415840562046713840      
   2510.04701766242076824395016129442786      
   2513.38929065531347232949470212171731      
   2516.73156364820617641503924294900677      
   2520.07383664109888050058378377629662      
   2523.41610963399158458612832460358607      
   2526.75838262688428867167286543087553      
   2530.10065561977699275721740625816459      
   2533.44292861266969684276194708545444      
   2536.78520160556240092830648791274389      
   2540.12747459845510501385102874003335      
   2543.46974759134780909939556956732241      
   2546.81202058424051318494011039461265      
   2550.15429357713321727048465122190171      
   2553.49656657002592135602919204919116      
   2556.83883956291862544157373287648062      
   2560.18111255581132952711827370376968      
   2563.52338554870403361266281453105992      
   2566.86565854159673769820735535834898      
   2570.20793153448944178375189618563883      
   2573.55020452738214586929643701292829      
   2576.89247752027484995484097784021774      
   2580.23475051316755404038551866750720      
   2583.57702350606025812593005949479665      
   2586.91929649895296221147460032208650      
   2590.26156949184566629701914114937596      
   2593.60384248473837038256368197666502      
   2596.94611547763107446810822280395486      
   2600.28838847052377855365276363124432      
   2603.63066146341648263919730445853417      
   2606.97293445630918672474184528582323      
   2610.31520744920189081028638611311268      
   2613.65748044209459489583092694040253      
   2616.99975343498729898137546776769159      
   2620.34202642788000306692000859498105      
   2623.68429942077270715246454942227050      
   2627.02657241366541123800909024956035      
   2630.36884540655811532355363107684981      
   2633.71111839945081940909817190413926      
   2637.05339139234352349464271273142872      
   2640.39566438523622758018725355871857      
   2643.73793737812893166573179438600802      
   2647.08021037102163575127633521329748      
   2650.42248336391433983682087604058732      
   2653.76475635680704392236541686787638      
   2657.10702934969974800790995769516623      
   2660.44930234259245209345449852245529      
   2663.79157533548515617899903934974475      
   2667.13384832837786026454358017703460      
   2670.47612132127056435008812100432366      
   2673.81839431416326843563266183161351      
   2677.16066730705597252117720265890257      
   2680.50294029994867660672174348619242      
   2683.84521329284138069226628431348187      
   2687.18748628573408477781082514077093      
   2690.52975927862678886335536596806078      
   2693.87203227151949294889990679535024      
   2697.21430526441219703444444762264009      
   2700.55657825730490111998898844992915      
   2703.89885125019760520553352927721860      
   2707.24112424309030929107807010450845      
   2710.58339723598301337662261093179790      
   2713.92567022887571746216715175908736      
   2717.26794322176842154771169258637681      
   2720.61021621466112563325623341366666      
   2723.95248920755382971880077424095612      
   2727.29476220044653380434531506824518      
   2730.63703519333923788988985589553463      
   2733.97930818623194197543439672282448      
   2737.32158117912464606097893755011394      
   2740.66385417201735014652347837740339      
   2744.00612716491005423206801920469245      
   2747.34840015780275831761256003198230      
   2750.69067315069546240315710085927176      
   2754.03294614358816648870164168656121      
   2757.37521913648087057424618251385067      
   2760.71749212937357465979072334114051      
   2764.05976512226627874533526416842958      
   2767.40203811515898283087980499571903      
   2770.74431110805168691642434582300848      
   2774.08658410094439100196888665029833      
   2777.42885709383709508751342747758779      
   2780.77113008672979917305796830487724      
   2784.11340307962250325860250913216670      
   2787.45567607251520734414704995945655      
   2790.79794906540791142969159078674561      
   2794.14022205830061551523613161403546      
   2797.48249505119331960078067244132452      
   2800.82476804408602368632521326861476      
   2804.16704103697872777186975409590382      
   2807.50931402987143185741429492319288      
   2810.85158702276413594295883575048273      
   2814.19386001565684002850337657777219      
   2817.53613300854954411404791740506203      
   2820.87840600144224819959245823235109      
   2824.22067899433495228513699905964055      
   2827.56295198722765637068153988693040      
   2830.90522498012036045622608071421985      
   2834.24749797301306454177062154150931      
   2837.58977096590576862731516236879876      
   2840.93204395879847271285970319608861      
   2844.27431695169117679840424402337807      
   2847.61658994458388088394878485066752      
   2850.95886293747658496949332567795658      
   2854.30113593036928905503786650524643      
   2857.64340892326199314058240733253589      
   2860.98568191615469722612694815982534      
   2864.32795490904740131167148898711480      
   2867.67022790194010539721602981440425      
   2871.01250089483280948276057064169371      
   2874.35477388772551356830511146898316      
   2877.69704688061821765384965229627261      
   2881.03931987351092173939419312356246      
   2884.38159286640362582493873395085152      
   2887.72386585929632991048327477814137      
   2891.06613885218903399602781560543043      
   2894.40841184508173808157235643272028      
   2897.75068483797444216711689726000974      
   2901.09295783086714625266143808729919      
   2904.43523082375985033820597891458865      
   2907.77750381665255442375051974187850      
   2911.11977680954525850929506056916795      
   2914.46204980243796259483960139645741      
   2917.80432279533066668038414222374647      
   2921.14659578822337076592868305103671      
   2924.48886878111607485147322387832577      
   2927.83114177400877893701776470561522      
   2931.17341476690148302256230553290468      
   2934.51568775979418710810684636019453      
   2937.85796075268689119365138718748398      
