           1   2673.81839431416326843563266183164980      
           2   5347.63678862832653687126532366329959      
           3   8021.45518294248980530689798549494939      
           4   10695.2735772566530737425306473265992      
           5   13369.0919715708163421781633091582498      
           6   16042.9103658849796106137959709898988      
           7   18716.7287601991428790494286328215494      
           8   21390.5471545133061474850612946531984      
           9   24064.3655488274694159206939564848474      
          10   26738.1839431416326843563266183164995      
          11   29412.0023374557959527919592801481485      
          12   32085.8207317699592212275919419797975      
          13   34759.6391260841224896632246038114465      
          14   37433.4575203982857580988572656430987      
          15   40107.2759147124490265344899274747509      
          16   42781.0943090266122949701225893063967      
          17   45454.9127033407755634057552511380489      
          18   48128.7310976549388318413879129696947      
          19   50802.5494919691021002770205748013469      
          20   53476.3678862832653687126532366329991      
          21   56150.1862805974286371482858984646449      
          22   58824.0046749115919055839185602962971      
          23   61497.8230692257551740195512221279492      
          24   64171.6414635399184424551838839595951      
          25   66845.4598578540817108908165457912409      
          26   69519.2782521682449793264492076228931      
          27   72193.0966464824082477620818694545453      
          28   74866.9150407965715161977145312861974      
          29   77540.7334351107347846333471931178496      
          30   80214.5518294248980530689798549495017      
          31   82888.3702237390613215046125167811413      
          32   85562.1886180532245899402451786127934      
          33   88236.0070123673878583758778404444456      
          34   90909.8254066815511268115105022760978      
          35   93583.6438009957143952471431641077499      
          36   96257.4621953098776636827758259393895      
          37   98931.2805896240409321184084877710416      
          38   101605.098983938204200554041149602694      
          39   104278.917378252367468989673811434346      
          40   106952.735772566530737425306473265998      
          41   109626.554166880694005860939135097650      
          42   112300.372561194857274296571796929290      
          43   114974.190955509020542732204458760942      
          44   117648.009349823183811167837120592594      
          45   120321.827744137347079603469782424246      
          46   122995.646138451510348039102444255898      
          47   125669.464532765673616474735106087538      
          48   128343.282927079836884910367767919190      
          49   131017.101321394000153346000429750842      
          50   133690.919715708163421781633091582482      
          51   136364.738110022326690217265753414134      
          52   139038.556504336489958652898415245786      
          53   141712.374898650653227088531077077438      
          54   144386.193292964816495524163738909091      
          55   147060.011687278979763959796400740743      
          56   149733.830081593143032395429062572395      
          57   152407.648475907306300831061724404047      
          58   155081.466870221469569266694386235699      
          59   157755.285264535632837702327048067351      
          60   160429.103658849796106137959709899003      
          61   163102.922053163959374573592371730630      
          62   165776.740447478122643009225033562283      
          63   168450.558841792285911444857695393935      
          64   171124.377236106449179880490357225587      
          65   173798.195630420612448316123019057239      
          66   176472.014024734775716751755680888891      
          67   179145.832419048938985187388342720543      
          68   181819.650813363102253623021004552196      
          69   184493.469207677265522058653666383848      
          70   187167.287601991428790494286328215500      
          71   189841.105996305592058929918990047152      
          72   192514.924390619755327365551651878779      
          73   195188.742784933918595801184313710431      
          74   197862.561179248081864236816975542083      
          75   200536.379573562245132672449637373735      
          76   203210.197967876408401108082299205388      
          77   205884.016362190571669543714961037040      
          78   208557.834756504734937979347622868692      
          79   211231.653150818898206414980284700344      
          80   213905.471545133061474850612946531996      
          81   216579.289939447224743286245608363648      
          82   219253.108333761388011721878270195301      
          83   221926.926728075551280157510932026927      
          84   224600.745122389714548593143593858580      
          85   227274.563516703877817028776255690232      
          86   229948.381911018041085464408917521884      
          87   232622.200305332204353900041579353536      
          88   235296.018699646367622335674241185188      
          89   237969.837093960530890771306903016840      
          90   240643.655488274694159206939564848493      
          91   243317.473882588857427642572226680145      
          92   245991.292276903020696078204888511797      
          93   248665.110671217183964513837550343449      
          94   251338.929065531347232949470212175076      
          95   254012.747459845510501385102874006728      
          96   256686.565854159673769820735535838380      
          97   259360.384248473837038256368197670033      
          98   262034.202642788000306692000859501685      
          99   264708.021037102163575127633521333337      
         100   267381.839431416326843563266183164964      
