           1        2673         400
           2        5347         400
           3        8021         400
           4       10695         400
           5       13369         400
           6       16042         400
           7       18716         400
           8       21390         400
           9       24064         400
          10       26738         400
          11       29412         400
          12       32085         400
          13       34759         400
          14       37433         400
          15       40107         400
          16       42781         400
          17       45454         400
          18       48128         400
          19       50802         400
          20       53476         400
          21       56150         400
          22       58824         400
          23       61497         400
          24       64171         400
          25       66845         400
          26       69519         400
          27       72193         400
          28       74866         400
          29       77540         400
          30       80214         400
          31       82888         400
          32       85562         400
          33       88236         400
          34       90909         400
          35       93583         400
          36       96257         400
          37       98931         400
          38      101605         400
          39      104278         400
          40      106952         400
          41      109626         400
          42      112300         400
          43      114974         400
          44      117648         400
          45      120321         400
          46      122995         400
          47      125669         400
          48      128343         400
          49      131017         400
          50      133690         400
          51      136364         400
          52      139038         400
          53      141712         400
          54      144386         400
          55      147060         400
          56      149733         400
          57      152407         400
          58      155081         400
          59      157755         400
          60      160429         400
          61      163102         400
          62      165776         400
          63      168450         400
          64      171124         400
          65      173798         400
          66      176472         400
          67      179145         400
          68      181819         400
          69      184493         400
          70      187167         400
          71      189841         400
          72      192514         400
          73      195188         400
          74      197862         400
          75      200536         400
          76      203210         400
          77      205884         400
          78      208557         400
          79      211231         400
          80      213905         400
          81      216579         400
          82      219253         400
          83      221926         400
          84      224600         400
          85      227274         400
          86      229948         400
          87      232622         400
          88      235296         400
          89      237969         400
          90      240643         400
          91      243317         400
          92      245991         400
          93      248665         400
          94      251338         400
          95      254012         400
          96      256686         400
          97      259360         400
          98      262034         400
          99      264708         400
         100      267381         400
