   2941.20029749437783007961259870991619      
   1.50000005960464477539062500000000000E-0002
   3.00000011920928955078125000000000000E-0002
   4.50000017881393432617187500000000060E-0002
   6.00000023841857910156250000000000000E-0002
   7.50000029802322387695312500000000000E-0002
   9.00000035762786865234375000000000000E-0002
  0.105000004172325134277343750000000000      
  0.120000004768371582031249999999999988      
  0.135000005364418029785156250000000000      
  0.150000005960464477539062499999999976      
  0.165000006556510925292968749999999976      
  0.180000007152557373046875000000000000      
  0.195000007748603820800781250000000000      
  0.210000008344650268554687500000000024      
  0.225000008940696716308593750000000024      
  0.240000009536743164062500000000000048      
  0.255000010132789611816406250000000048      
  0.270000010728836059570312500000000048      
  0.285000011324882507324218750000000096      
  0.300000011920928955078125000000000048      
