   0.00000000000000000000000000000000000      
   3.67650037186797228759951574838743089      
   7.35300074373594457519903149677486178      
   11.0295011156039168627985472451622950      
   14.7060014874718891503980629935497236      
   18.3825018593398614379975787419371568      
   22.0590022312078337255970944903245900      
   25.7355026030758060131966102387120201      
   29.4120029749437783007961259870994502      
   33.0885033468117505883956417354868865      
   36.7650037186797228759951574838743197      
   40.4415040905476951635946732322617529      
   44.1180044624156674511941889806491923      
   47.7945048342836397387937047290366193      
   51.4710052061516120263932204774240402      
   55.1475055780195843139927362258114734      
   58.8240059498875566015922519741988943      
   62.5005063217555288891917677225863336      
   66.1770066936235011767912834709737607      
   69.8535070654914734643907992193611939      
   73.5300074373594457519903149677486147      
   77.2065078092274180395898307161360479      
   80.8830081810953903271893464645234811      
   84.5595085529633626147888622129109143      
   88.2360089248313349023883779612983599      
   91.9125092966993071899878937096857684      
   95.5890096685672794775874094580731893      
   99.2655100404352517651869252064606348      
   102.942010412303224052786440954848056      
   106.618510784171196340385956703235501      
   110.295011156039168627985472451622910      
   113.971511527907140915584988200010343      
   117.648011899775113203184503948397776      
   121.324512271643085490784019696785222      
   125.001012643511057778383535445172643      
   128.677513015379030065983051193560063      
   132.354013387247002353582566941947497      
   136.030513759114974641182082690334930      
   139.707014130982946928781598438722363      
   143.383514502850919216381114187109796      
   147.060014874718891503980629935497229      
   150.736515246586863791580145683884638      
   154.413015618454836079179661432272071      
   158.089515990322808366779177180659504      
   161.766016362190780654378692929046938      
   165.442516734058752941978208677434371      
   169.119017105926725229577724425821804      
   172.795517477794697517177240174209237      
   176.472017849662669804776755922596720      
   180.148518221530642092376271670984153      
   183.825018593398614379975787419371586      
   187.501518965266586667575303167759019      
   191.178019337134558955174818916146477      
   194.854519709002531242774334664533935      
   198.531020080870503530373850412921368      
   202.207520452738475817973366161308826      
   205.884020824606448105572881909696259      
   209.560521196474420393172397658083717      
   213.237021568342392680771913406471150      
   216.913521940210364968371429154858608      
   220.590022312078337255970944903246041      
   224.266522683946309543570460651633450      
   227.943023055814281831169976400020883      
   231.619523427682254118769492148408341      
   235.296023799550226406369007896795848      
   238.972524171418198693968523645183281      
   242.649024543286170981568039393570690      
   246.325524915154143269167555141958172      
   250.002025287022115556767070890345581      
   253.678525658890087844366586638733088      
   257.355026030758060131966102387120472      
   261.031526402626032419565618135507930      
   264.708026774494004707165133883895388      
   268.384527146361976994764649632282796      
   272.061027518229949282364165380670254      
   275.737527890097921569963681129057712      
   279.414028261965893857563196877445170      
   283.090528633833866145162712625832578      
   286.767029005701838432762228374220036      
   290.443529377569810720361744122607494      
   294.120029749437783007961259870994952      
   297.796530121305755295560775619382361      
   301.473030493173727583160291367769868      
   305.149530865041699870759807116157276      
   308.826031236909672158359322864544734      
   312.502531608777644445958838612932143      
   316.179031980645616733558354361319600      
   319.855532352513589021157870109707058      
   323.532032724381561308757385858094418      
   327.208533096249533596356901606481925      
   330.885033468117505883956417354869432      
   334.561533839985478171555933103256840      
   338.238034211853450459155448851644298      
   341.914534583721422746754964600031608      
   345.591034955589395034354480348419017      
   349.267535327457367321953996096806475      
   352.944035699325339609553511845193883      
   356.620536071193311897153027593581341      
   360.297036443061284184752543341968700      
   363.973536814929256472352059090356109      
   367.650037186797228759951574838743517      
   371.326537558665201047551090587130926      
   375.003037930533173335150606335518384      
   378.679538302401145622750122083905743      
   382.356038674269117910349637832293152      
   386.032539046137090197949153580680609      
   389.709039418005062485548669329068018      
   393.385539789873034773148185077455476      
   397.062040161741007060747700825842835      
   400.738540533608979348347216574230244      
   404.415040905476951635946732322617652      
   408.091541277344923923546248071005061      
   411.768041649212896211145763819392519      
   415.444542021080868498745279567779927      
   419.121042392948840786344795316167336      
   422.797542764816813073944311064554744      
   426.474043136684785361543826812942153      
   430.150543508552757649143342561329611      
   433.827043880420729936742858309716921      
   437.503544252288702224342374058104329      
   441.180044624156674511941889806491787      
   444.856544996024646799541405554879196      
   448.533045367892619087140921303266653      
   452.209545739760591374740437051654013      
   455.886046111628563662339952800041421      
   459.562546483496535949939468548428879      
   463.239046855364508237538984296816288      
   466.915547227232480525138500045203745      
   470.592047599100452812738015793591105      
   474.268547970968425100337531541978513      
   477.945048342836397387937047290365971      
   481.621548714704369675536563038753380      
   485.298049086572341963136078787140838      
   488.974549458440314250735594535528147      
   492.651049830308286538335110283915556      
   496.327550202176258825934626032303014      
   500.004050574044231113534141780690422      
   503.680550945912203401133657529077831      
   507.357051317780175688733173277465240      
   511.033551689648147976332689025852697      
   514.710052061516120263932204774240057      
   518.386552433384092551531720522627514      
   522.063052805252064839131236271014874      
   525.739553177120037126730752019402332      
   529.416053548988009414330267767789691      
   533.092553920855981701929783516177149      
   536.769054292723953989529299264564607      
   540.445554664591926277128815012951966      
   544.122055036459898564728330761339424      
   547.798555408327870852327846509726783      
   551.475055780195843139927362258114241      
   555.151556152063815427526878006501699      
   558.828056523931787715126393754888959      
   562.504556895799760002725909503276417      
   566.181057267667732290325425251663875      
   569.857557639535704577924941000051234      
   573.534058011403676865524456748438692      
   577.210558383271649153123972496826051      
   580.887058755139621440723488245213509      
   584.563559127007593728323003993600967      
   588.240059498875566015922519741988425      
   591.916559870743538303522035490375685      
   595.593060242611510591121551238763143      
   599.269560614479482878721066987150601      
   602.946060986347455166320582735537960      
   606.622561358215427453920098483925418      
   610.299061730083399741519614232312876      
   613.975562101951372029119129980700235      
   617.652062473819344316718645729087693      
   621.328562845687316604318161477475151      
   625.005063217555288891917677225862609      
   628.681563589423261179517192974249870      
   632.358063961291233467116708722637327      
   636.034564333159205754716224471024785      
   639.711064705027178042315740219412145      
   643.387565076895150329915255967799602      
   647.064065448763122617514771716186962      
   650.740565820631094905114287464574321      
   654.417066192499067192713803212961779      
   658.093566564367039480313318961349237      
   661.770066936235011767912834709736497      
   665.446567308102984055512350458123955      
   669.123067679970956343111866206511413      
   672.799568051838928630711381954898969      
   676.476068423706900918310897703286526      
   680.152568795574873205910413451673885      
   683.829069167442845493509929200061343      
   687.505569539310817781109444948448899      
   691.182069911178790068708960696836357      
   694.858570283046762356308476445223717      
   698.535070654914734643907992193611273      
   702.211571026782706931507507941998731      
   705.888071398650679219107023690386287      
   709.564571770518651506706539438773745      
   713.241072142386623794306055187161104      
   716.917572514254596081905570935548661      
   720.594072886122568369505086683936217      
   724.270573257990540657104602432323577      
   727.947073629858512944704118180711133      
   731.623574001726485232303633929098690      
   735.300074373594457519903149677486049      
   738.976574745462429807502665425873507      
   742.653075117330402095102181174261063      
   746.329575489198374382701696922648521      
   750.006075861066346670301212671035880      
   753.682576232934318957900728419423437      
   757.359076604802291245500244167810894      
   761.035576976670263533099759916198451      
   764.712077348538235820699275664585909      
   768.388577720406208108298791412973268      
   772.065078092274180395898307161360825      
   775.741578464142152683497822909748381      
   779.418078836010124971097338658135839      
   783.094579207878097258696854406523297      
   786.771079579746069546296370154910755      
   790.447579951614041833895885903298212      
   794.124080323482014121495401651685670      
   797.800580695349986409094917400073227      
   801.477081067217958696694433148460685      
   805.153581439085930984293948896848044      
   808.830081810953903271893464645235502      
   812.506582182821875559492980393623058      
   816.183082554689847847092496142010615      
   819.859582926557820134692011890397974      
   823.536083298425792422291527638785530      
   827.212583670293764709891043387172988      
   830.889084042161736997490559135560446      
   834.565584414029709285090074883947904      
   838.242084785897681572689590632335362      
   841.918585157765653860289106380722918      
   845.595085529633626147888622129110475      
   849.271585901501598435488137877497932      
   852.948086273369570723087653625885390      
   856.624586645237543010687169374272750      
   860.301087017105515298286685122660306      
   863.977587388973487585886200871047764      
   867.654087760841459873485716619435222      
   871.330588132709432161085232367822778      
   875.007088504577404448684748116210137      
   878.683588876445376736284263864597595      
   882.360089248313349023883779612985053      
   886.036589620181321311483295361372708      
   889.713089992049293599082811109760166      
   893.389590363917265886682326858147525      
   897.066090735785238174281842606535082      
   900.742591107653210461881358354922540      
   904.419091479521182749480874103309997      
   908.095591851389155037080389851697357      
   911.772092223257127324679905600085012      
   915.448592595125099612279421348472470      
   919.125092966993071899878937096860026      
   922.801593338861044187478452845247385      
   926.478093710729016475077968593634745      
   930.154594082596988762677484342022301      
   933.831094454464961050277000090409759      
   937.507594826332933337876515838797414      
   941.184095198200905625476031587184872      
   944.860595570068877913075547335572428      
   948.537095941936850200675063083959788      
   952.213596313804822488274578832347147      
   955.890096685672794775874094580734703      
   959.566597057540767063473610329122161      
   963.243097429408739351073126077509619      
   966.919597801276711638672641825897077      
   970.596098173144683926272157574284535      
   974.272598545012656213871673322672190      
   977.949098916880628501471189071059352      
   981.625599288748600789070704819447007      
   985.302099660616573076670220567834465      
   988.978600032484545364269736316221923      
   992.655100404352517651869252064609479      
   996.331600776220489939468767812996937      
   1000.00810114808846222706828356138459      
   1003.68460151995643451466779930977195      
   1007.36110189182440680226731505815941      
   1011.03760226369237908986683080654687      
   1014.71410263556035137746634655493423      
   1018.39060300742832366506586230332178      
   1022.06710337929629595266537805170924      
   1025.74360375116426824026489380009690      
   1029.42010412303224052786440954848425      
   1033.09660449490021281546392529687161      
   1036.77310486676818510306344104525917      
   1040.44960523863615739066295679364673      
   1044.12610561050412967826247254203409      
   1047.80260598237210196586198829042164      
   1051.47910635424007425346150403880920      
   1055.15560672610804654106101978719676      
   1058.83210709797601882866053553558411      
   1062.50860746984399111626005128397147      
   1066.18510784171196340385956703235903      
   1069.86160821357993569145908278074659      
   1073.53810858544790797905859852913395      
   1077.21460895731588026665811427752131      
   1080.89110932918385255425763002590886      
   1084.56760970105182484185714577429642      
   1088.24411007291979712945666152268397      
   1091.92061044478776941705617727107133      
   1095.59711081665574170465569301945869      
   1099.27361118852371399225520876784625      
   1102.95011156039168627985472451623381      
   1106.62661193225965856745424026462136      
   1110.30311230412763085505375601300872      
   1113.97961267599560314265327176139648      
   1117.65611304786357543025278750978364      
   1121.33261341973154771785230325817100      
   1125.00911379159952000545181900655875      
   1128.68561416346749229305133475494611      
   1132.36211453533546458065085050333367      
   1136.03861490720343686825036625172103      
   1139.71511527907140915584988200010858      
   1143.39161565093938144344939774849614      
   1147.06811602280735373104891349688330      
   1150.74461639467532601864842924527105      
   1154.42111676654329830624794499365841      
   1158.09761713841127059384746074204597      
   1161.77411751027924288144697649043353      
   1165.45061788214721516904649223882089      
   1169.12711825401518745664600798720864      
   1172.80361862588315974424552373559580      
   1176.48011899775113203184503948398336      
   1180.15661936961910431944455523237091      
   1183.83311974148707660704407098075827      
   1187.50962011335504889464358672914583      
   1191.18612048522302118224310247753319      
   1194.86262085709099346984261822592075      
   1198.53912122895896575744213397430830      
   1202.21562160082693804504164972269546      
   1205.89212197269491033264116547108302      
   1209.56862234456288262024068121947058      
   1213.24512271643085490784019696785813      
   1216.92162308829882719543971271624569      
   1220.59812346016679948303922846463325      
   1224.27462383203477177063874421302080      
   1227.95112420390274405823825996140796      
   1231.62762457577071634583777570979552      
   1235.30412494763868863343729145818308      
   1238.98062531950666092103680720657044      
   1242.65712569137463320863632295495780      
   1246.33362606324260549623583870334535      
   1250.01012643511057778383535445173291      
   1253.68662680697855007143487020012047      
   1257.36312717884652235903438594850783      
   1261.03962755071449464663390169689518      
   1264.71612792258246693423341744528274      
   1268.39262829445043922183293319367030      
   1272.06912866631841150943244894205785      
   1275.74562903818638379703196469044541      
   1279.42212941005435608463148043883277      
   1283.09862978192232837223099618722033      
   1286.77513015379030065983051193560769      
   1290.45163052565827294743002768399524      
   1294.12813089752624523502954343238260      
   1297.80463126939421752262905918076996      
   1301.48113164126218981022857492915771      
   1305.15763201313016209782809067754507      
   1308.83413238499813438542760642593263      
   1312.51063275686610667302712217431999      
   1316.18713312873407896062663792270735      
   1319.86363350060205124822615367109510      
   1323.54013387247002353582566941948246      
   1327.21663424433799582342518516787002      
   1330.89313461620596811102470091625738      
   1334.56963498807394039862421666464474      
   1338.24613535994191268622373241303229      
   1341.92263573180988497382324816141965      
   1345.59913610367785726142276390980681      
   1349.27563647554582954902227965819437      
   1352.95213684741380183662179540658153      
   1356.62863721928177412422131115496889      
   1360.30513759114974641182082690335625      
   1363.98163796301771869942034265174381      
   1367.65813833488569098701985840013117      
   1371.33463870675366327461937414851833      
   1375.01113907862163556221888989690569      
   1378.68763945048960784981840564529305      
   1382.36413982235758013741792139368021      
   1386.04064019422555242501743714206777      
   1389.71714056609352471261695289045512      
   1393.39364093796149700021646863884248      
   1397.07014130982946928781598438723004      
   1400.74664168169744157541550013561720      
   1404.42314205356541386301501588400436      
   1408.09964242543338615061453163239172      
   1411.77614279730135843821404738077908      
   1415.45264316916933072581356312916644      
   1419.12914354103730301341307887755380      
   1422.80564391290527530101259462594136      
   1426.48214428477324758861211037432872      
   1430.15864465664121987621162612271588      
   1433.83514502850919216381114187110304      
   1437.51164540037716445141065761949060      
   1441.18814577224513673901017336787796      
   1444.86464614411310902660968911626551      
   1448.54114651598108131420920486465268      
   1452.21764688784905360180872061304003      
   1455.89414725971702588940823636142739      
   1459.57064763158499817700775210981475      
   1463.24714800345297046460726785820211      
   1466.92364837532094275220678360658927      
   1470.60014874718891503980629935497683      
   1474.27664911905688732740581510336419      
   1477.95314949092485961500533085175135      
   1481.62964986279283190260484660013871      
   1485.30615023466080419020436234852627      
   1488.98265060652877647780387809691343      
   1492.65915097839674876540339384530079      
   1496.33565135026472105300290959368835      
   1500.01215172213269334060242534207551      
   1503.68865209400066562820194109046287      
   1507.36515246586863791580145683885023      
   1511.04165283773661020340097258723759      
   1514.71815320960458249100048833562494      
   1518.39465358147255477860000408401211      
   1522.07115395334052706619951983239966      
   1525.74765432520849935379903558078702      
   1529.42415469707647164139855132917418      
   1533.10065506894444392899806707756174      
   1536.77715544081241621659758282594890      
   1540.45365581268038850419709857433626      
   1544.13015618454836079179661432272382      
   1547.80665655641633307939613007111118      
   1551.48315692828430536699564581949854      
   1555.15965730015227765459516156788590      
   1558.83615767202024994219467731627306      
   1562.51265804388822222979419306466042      
   1566.18915841575619451739370881304758      
   1569.86565878762416680499322456143514      
   1573.54215915949213909259274030982250      
   1577.21865953136011138019225605820985      
   1580.89515990322808366779177180659741      
   1584.57166027509605595539128755498457      
   1588.24816064696402824299080330337173      
   1591.92466101883200053059031905175929      
   1595.60116139069997281818983480014645      
   1599.27766176256794510578935054853381      
   1602.95416213443591739338886629692137      
   1606.63066250630388968098838204530873      
   1610.30716287817186196858789779369609      
   1613.98366325003983425618741354208325      
   1617.66016362190780654378692929047061      
   1621.33666399377577883138644503885797      
   1625.01316436564375111898596078724533      
   1628.68966473751172340658547653563288      
   1632.36616510937969569418499228402024      
   1636.04266548124766798178450803240741      
   1639.71916585311564026938402378079496      
   1643.39566622498361255698353952918212      
   1647.07216659685158484458305527756929      
   1650.74866696871955713218257102595664      
   1654.42516734058752941978208677434420      
   1658.10166771245550170738160252273156      
   1661.77816808432347399498111827111912      
   1665.45466845619144628258063401950628      
   1669.13116882805941857018014976789364      
   1672.80766919992739085777966551628080      
   1676.48416957179536314537918126466836      
   1680.16066994366333543297869701305572      
   1683.83717031553130772057821276144288      
   1687.51367068739928000817772850983043      
   1691.19017105926725229577724425821779      
   1694.86667143113522458337676000660496      
   1698.54317180300319687097627575499251      
   1702.21967217487116915857579150337967      
   1705.89617254673914144617530725176703      
   1709.57267291860711373377482300015439      
   1713.24917329047508602137433874854175      
   1716.92567366234305830897385449692931      
   1720.60217403421103059657337024531627      
   1724.27867440607900288417288599370383      
   1727.95517477794697517177240174209119      
   1731.63167514981494745937191749047835      
   1735.30817552168291974697143323886571      
   1738.98467589355089203457094898725327      
   1742.66117626541886432217046473564063      
   1746.33767663728683660976998048402818      
   1750.01417700915480889736949623241515      
   1753.69067738102278118496901198080251      
   1757.36717775289075347256852772918987      
   1761.04367812475872576016804347757723      
   1764.72017849662669804776755922596458      
   1768.39667886849467033536707497435194      
   1772.07317924036264262296659072273950      
   1775.74967961223061491056610647112686      
   1779.42617998409858719816562221951382      
   1783.10268035596655948576513796790118      
   1786.77918072783453177336465371628874      
   1790.45568109970250406096416946467590      
   1794.13218147157047634856368521306326      
   1797.80868184343844863616320096145082      
   1801.48518221530642092376271670983818      
   1805.16168258717439321136223245822554      
   1808.83818295904236549896174820661290      
   1812.51468333091033778656126395500025      
   1816.19118370277831007416077970338722      
   1819.86768407464628236176029545177517      
   1823.54418444651425464935981120016253      
   1827.22068481838222693695932694854949      
   1830.89718519025019922455884269693685      
   1834.57368556211817151215835844532421      
   1838.25018593398614379975787419371157      
   1841.92668630585411608735738994209893      
   1845.60318667772208837495690569048649      
   1849.27968704959006066255642143887385      
   1852.95618742145803295015593718726081      
   1856.63268779332600523775545293564837      
   1860.30918816519397752535496868403573      
   1863.98568853706194981295448443242309      
   1867.66218890892992210055400018081025      
   1871.33868928079789438815351592919781      
   1875.01518965266586667575303167758477      
   1878.69169002453383896335254742597272      
   1882.36819039640181125095206317436008      
   1886.04469076826978353855157892274704      
   1889.72119114013775582615109467113440      
   1893.39769151200572811375061041952176      
   1897.07419188387370040135012616790912      
   1900.75069225574167268894964191629648      
   1904.42719262760964497654915766468404      
   1908.10369299947761726414867341307140      
   1911.78019337134558955174818916145856      
   1915.45669374321356183934770490984612      
   1919.13319411508153412694722065823348      
   1922.80969448694950641454673640662083      
   1926.48619485881747870214625215500780      
   1930.16269523068545098974576790339536      
   1933.83919560255342327734528365178252      
   1937.51569597442139556494479940017007      
   1941.19219634628936785254431514855763      
   1944.86869671815734014014383089694479      
   1948.54519709002531242774334664533215      
   1952.22169746189328471534286239371912      
   1955.89819783376125700294237814210667      
   1959.57469820562922929054189389049403      
   1963.25119857749720157814140963888139      
   1966.92769894936517386574092538726895      
   1970.60419932123314615334044113565611      
   1974.28069969310111844093995688404347      
   1977.95720006496909072853947263243103      
   1981.63370043683706301613898838081839      
   1985.31020080870503530373850412920535      
   1988.98670118057300759133801987759271      
   1992.66320155244097987893753562598007      
   1996.33970192430895216653705137436763      
   2000.01620229617692445413656712275518      
   2003.69270266804489674173608287114234      
   2007.36920303991286902933559861952970      
   2011.04570341178084131693511436791667      
   2014.72220378364881360453463011630422      
   2018.39870415551678589213414586469158      
   2022.07520452738475817973366161307894      
   2025.75170489925273046733317736146650      
   2029.42820527112070275493269310985366      
   2033.10470564298867504253220885824102      
   2036.78120601485664733013172460662858      
   2040.45770638672461961773124035501594      
   2044.13420675859259190533075610340310      
   2047.81070713046056419293027185179046      
   2051.48720750232853648052978760017762      
   2055.16370787419650876812930334856537      
   2058.84020824606448105572881909695273      
   2062.51670861793245334332833484533970      
   2066.19320898980042563092785059372706      
   2069.86970936166839791852736634211442      
   2073.54620973353637020612688209050177      
   2077.22271010540434249372639783888913      
   2080.89921047727231478132591358727689      
   2084.57571084914028706892542933566425      
   2088.25221122100825935652494508405121      
   2091.92871159287623164412446083243857      
   2095.60521196474420393172397658082593      
   2099.28171233661217621932349232921329      
   2102.95821270848014850692300807760065      
   2106.63471308034812079452252382598801      
   2110.31121345221609308212203957437497      
   2113.98771382408406536972155532276312      
   2117.66421419595203765732107107115048      
   2121.34071456782000994492058681953745      
   2125.01721493968798223252010256792480      
   2128.69371531155595452011961831631216      
   2132.37021568342392680771913406469952      
   2136.04671605529189909531864981308688      
   2139.72321642715987138291816556147424      
   2143.39971679902784367051768130986160      
   2147.07621717089581595811719705824857      
   2150.75271754276378824571671280663592      
   2154.42921791463176053331622855502368      
   2158.10571828649973282091574430341104      
   2161.78221865836770510851526005179800      
   2165.45871903023567739611477580018576      
   2169.13521940210364968371429154857272      
   2172.81171977397162197131380729696047      
   2176.48822014583959425891332304534783      
   2180.16472051770756654651283879373519      
   2183.84122088957553883411235454212255      
   2187.51772126144351112171187029050952      
   2191.19422163331148340931138603889727      
   2194.87072200517945569691090178728424      
   2198.54722237704742798451041753567159      
   2202.22372274891540027210993328405935      
   2205.90022312078337255970944903244631      
   2209.57672349265134484730896478083367      
   2213.25322386451931713490848052922143      
   2216.92972423638728942250799627760879      
   2220.60622460825526171010751202599575      
   2224.28272498012323399770702777438311      
   2227.95922535199120628530654352277047      
   2231.63572572385917857290605927115783      
   2235.31222609572715086050557501954558      
   2238.98872646759512314810509076793255      
   2242.66522683946309543570460651631991      
   2246.34172721133106772330412226470687      
   2250.01822758319904001090363801309502      
   2253.69472795506701229850315376148198      
   2257.37122832693498458610266950986934      
   2261.04772869880295687370218525825670      
   2264.72422907067092916130170100664406      
   2268.40072944253890144890121675503142      
   2272.07722981440687373650073250341878      
   2275.75373018627484602410024825180614      
   2279.43023055814281831169976400019350      
   2283.10673093001079059929927974858086      
   2286.78323130187876288689879549696782      
   2290.45973167374673517449831124535558      
   2294.13623204561470746209782699374333      
   2297.81273241748267974969734274213029      
   2301.48923278935065203729685849051765      
   2305.16573316121862432489637423890462      
   2308.84223353308659661249588998729237      
   2312.51873390495456890009540573567973      
   2316.19523427682254118769492148406709      
   2319.87173464869051347529443723245445      
   2323.54823502055848576289395298084141      
   2327.22473539242645805049346872922877      
   2330.90123576429443033809298447761613      
   2334.57773613616240262569250022600389      
   2338.25423650803037491329201597439085      
   2341.93073687989834720089153172277821      
   2345.60723725176631948849104747116518      
   2349.28373762363429177609056321955332      
   2352.96023799550226406369007896794068      
   2356.63673836737023635128959471632765      
   2360.31323873923820863888911046471501      
   2363.98973911110618092648862621310237      
   2367.66623948297415321408814196149012      
   2371.34273985484212550168765770987708      
   2375.01924022671009778928717345826444      
   2378.69574059857807007688668920665180      
   2382.37224097044604236448620495503916      
   2386.04874134231401465208572070342652      
   2389.72524171418198693968523645181388      
   2393.40174208604995922728475220020163      
   2397.07824245791793151488426794858860      
   2400.75474282978590380248378369697596      
   2404.43124320165387609008329944536292      
   2408.10774357352184837768281519375068      
   2411.78424394538982066528233094213804      
   2415.46074431725779295288184669052500      
   2419.13724468912576524048136243891276      
   2422.81374506099373752808087818730011      
   2426.49024543286170981568039393568747      
   2430.16674580472968210327990968407483      
   2433.84324617659765439087942543246219      
   2437.51974654846562667847894118084955      
   2441.19624692033359896607845692923691      
   2444.87274729220157125367797267762466      
   2448.54924766406954354127748842601163      
   2452.22574803593751582887700417439899      
   2455.90224840780548811647651992278595      
   2459.57874877967346040407603567117331      
   2463.25524915154143269167555141956028      
   2466.93174952340940497927506716794843      
   2470.60824989527737726687458291633578      
   2474.28475026714534955447409866472275      
   2477.96125063901332184207361441311011      
   2481.63775101088129412967313016149747      
   2485.31425138274926641727264590988483      
   2488.99075175461723870487216165827258      
   2492.66725212648521099247167740665994      
   2496.34375249835318328007119315504730      
   2500.02025287022115556767070890343426      
   2503.69675324208912785527022465182202      
   2507.37325361395710014286974040020898      
   2511.04975398582507243046925614859634      
   2514.72625435769304471806877189698331      
   2518.40275472956101700566828764537106      
   2522.07925510142898929326780339375842      
   2525.75575547329696158086731914214578      
   2529.43225584516493386846683489053314      
   2533.10875621703290615606635063892050      
   2536.78525658890087844366586638730825      
   2540.46175696076885073126538213569522      
   2544.13825733263682301886489788408297      
   2547.81475770450479530646441363246993      
   2551.49125807637276759406392938085729      
   2555.16775844824073988166344512924465      
   2558.84425882010871216926296087763162      
   2562.52075919197668445686247662601977      
   2566.19725956384465674446199237440673      
   2569.87375993571262903206150812279409      
   2573.55026030758060131966102387118105      
   2577.22676067944857360726053961956841      
   2580.90326105131654589486005536795577      
   2584.57976142318451818245957111634313      
   2588.25626179505249047005908686473089      
   2591.93276216692046275765860261311825      
   2595.60926253878843504525811836150560      
   2599.28576291065640733285763410989257      
   2602.96226328252437962045714985828032      
   2606.63876365439235190805666560666729      
   2610.31526402626032419565618135505504      
   2613.99176439812829648325569710344240      
   2617.66826476999626877085521285182937      
   2621.34476514186424105845472860021712      
   2625.02126551373221334605424434860408      
   2628.69776588560018563365376009699144      
   2632.37426625746815792125327584537841      
   2636.05076662933613020885279159376616      
   2639.72726700120410249645230734215352      
   2643.40376737307207478405182309054088      
   2647.08026774494004707165133883892824      
   2650.75676811680801935925085458731560      
   2654.43326848867599164685037033570296      
   2658.10976886054396393444988608408992      
   2661.78626923241193622204940183247807      
   2665.46276960427990850964891758086504      
   2669.13926997614788079724843332925240      
   2672.81577034801585308484794907763975      
   2676.49227071988382537244746482602711      
   2680.16877109175179766004698057441487      
   2683.84527146361976994764649632280223      
   2687.52177183548774223524601207118959      
   2691.19827220735571452284552781957655      
   2694.87477257922368681044504356796391      
   2698.55127295109165909804455931635127      
   2702.22777332295963138564407506473863      
   2705.90427369482760367324359081312638      
   2709.58077406669557596084310656151374      
   2713.25727443856354824844262230990071      
   2716.93377481043152053604213805828807      
   2720.61027518229949282364165380667582      
   2724.28677555416746511124116955506278      
   2727.96327592603543739884068530345054      
   2731.63977629790340968644020105183750      
   2735.31627666977138197403971680022486      
   2738.99277704163935426163923254861222      
   2742.66927741350732654923874829699958      
   2746.34577778537529883683826404538694      
   2750.02227815724327112443777979377390      
   2753.69877852911124341203729554216166      
   2757.37527890097921569963681129054902      
   2761.05177927284718798723632703893638      
   2764.72827964471516027483584278732374      
   2768.40478001658313256243535853571109      
   2772.08128038845110485003487428409806      
   2775.75778076031907713763439003248542      
   2779.43428113218704942523390578087357      
   2783.11078150405502171283342152926053      
   2786.78728187592299400043293727764789      
   2790.46378224779096628803245302603486      
   2794.14028261965893857563196877442222      
   2797.81678299152691086323148452280957      
   2801.49328336339488315083100027119733      
   2805.16978373526285543843051601958469      
   2808.84628410713082772603003176797205      
   2812.52278447899880001362954751635941      
   2816.19928485086677230122906326474676      
   2819.87578522273474458882857901313412      
   2823.55228559460271687642809476152109      
   2827.22878596647068916402761050990884      
   2830.90528633833866145162712625829581      
   2834.58178671020663373922664200668317      
   2838.25828708207460602682615775507092      
   2841.93478745394257831442567350345789      
   2845.61128782581055060202518925184524      
   2849.28778819767852288962470500023221      
   2852.96428856954649517722422074861996      
   2856.64078894141446746482373649700732      
   2860.31728931328243975242325224539468      
   2863.99378968515041204002276799378204      
   2867.67029005701838432762228374216940      
   2871.34679042888635661522179949055715      
   2875.02329080075432890282131523894451      
   2878.69979117262230119042083098733187      
   2882.37629154449027347802034673571884      
   2886.05279191635824576561986248410620      
   2889.72929228822621805321937823249316      
   2893.40579266009419034081889398088052      
   2897.08229303196216262841840972926867      
   2900.75879340383013491601792547765563      
   2904.43529377569810720361744122604299      
   2908.11179414756607949121695697443035      
   2911.78829451943405177881647272281771      
   2915.46479489130202406641598847120507      
   2919.14129526316999635401550421959282      
   2922.81779563503796864161501996798018      
   2926.49429600690594092921453571636715      
   2930.17079637877391321681405146475451      
   2933.84729675064188550441356721314187      
