   0.00000000000000000000000000000000000      
   3.75000014901161193847656250000000000E-0003
   7.50000029802322387695312500000000000E-0003
   1.12500004470348358154296875000000015E-0002
   1.50000005960464477539062500000000000E-0002
   1.87500007450580596923828125000000000E-0002
   2.25000008940696716308593750000000000E-0002
   2.62500010430812835693359375000000000E-0002
   3.00000011920928955078124999999999970E-0002
   3.37500013411045074462890625000000000E-0002
   3.75000014901161193847656249999999940E-0002
   4.12500016391277313232421874999999940E-0002
   4.50000017881393432617187500000000000E-0002
   4.87500019371509552001953125000000000E-0002
   5.25000020861625671386718750000000060E-0002
   5.62500022351741790771484375000000060E-0002
   6.00000023841857910156250000000000120E-0002
   6.37500025331974029541015625000000120E-0002
   6.75000026822090148925781250000000120E-0002
   7.12500028312206268310546875000000241E-0002
   7.50000029802322387695312500000000120E-0002
   7.87500031292438507080078125000000120E-0002
   8.25000032782554626464843750000000241E-0002
   8.62500034272670745849609375000000241E-0002
   9.00000035762786865234375000000000241E-0002
   9.37500037252902984619140625000000241E-0002
   9.75000038743019104003906250000000361E-0002
  0.101250004023313522338867187500000036      
  0.105000004172325134277343750000000036      
  0.108750004321336746215820312500000036      
  0.112500004470348358154296875000000048      
  0.116250004619359970092773437500000048      
  0.120000004768371582031250000000000048      
  0.123750004917383193969726562500000048      
  0.127500005066394805908203125000000048      
  0.131250005215406417846679687500000048      
  0.135000005364418029785156250000000072      
  0.138750005513429641723632812500000072      
  0.142500005662441253662109375000000072      
  0.146250005811452865600585937500000072      
  0.150000005960464477539062500000000048      
  0.153750006109476089477539062500000048      
  0.157500006258487701416015625000000024      
  0.161250006407499313354492187500000024      
  0.165000006556510925292968750000000000      
  0.168750006705522537231445312500000000      
  0.172500006854534149169921875000000000      
  0.176250007003545761108398437499999976      
  0.180000007152557373046874999999999976      
  0.183750007301568984985351562499999952      
  0.187500007450580596923828124999999952      
  0.191250007599592208862304687499999928      
  0.195000007748603820800781249999999928      
  0.198750007897615432739257812499999904      
  0.202500008046627044677734374999999904      
  0.206250008195638656616210937499999880      
  0.210000008344650268554687499999999880      
  0.213750008493661880493164062499999856      
  0.217500008642673492431640624999999856      
  0.221250008791685104370117187499999831      
  0.225000008940696716308593749999999831      
  0.228750009089708328247070312499999807      
  0.232500009238719940185546874999999807      
  0.236250009387731552124023437499999783      
  0.240000009536743164062499999999999783      
  0.243750009685754776000976562499999759      
  0.247500009834766387939453124999999759      
  0.251250009983777999877929687499999759      
  0.255000010132789611816406249999999711      
  0.258750010281801223754882812499999711      
  0.262500010430812835693359374999999711      
  0.266250010579824447631835937499999711      
  0.270000010728836059570312499999999711      
  0.273750010877847671508789062499999663      
  0.277500011026859283447265624999999663      
  0.281250011175870895385742187499999663      
  0.285000011324882507324218749999999663      
  0.288750011473894119262695312499999615      
  0.292500011622905731201171874999999615      
  0.296250011771917343139648437499999615      
  0.300000011920928955078124999999999615      
