   0.00000000000000000000000000000000000      
   7.50000029802322387695312500000000000E-0003
   1.50000005960464477539062500000000000E-0002
   2.25000008940696716308593750000000030E-0002
   3.00000011920928955078125000000000000E-0002
   3.75000014901161193847656250000000000E-0002
   4.50000017881393432617187500000000000E-0002
   5.25000020861625671386718750000000000E-0002
   6.00000023841857910156249999999999940E-0002
   6.75000026822090148925781250000000000E-0002
   7.50000029802322387695312499999999880E-0002
   8.25000032782554626464843749999999880E-0002
   9.00000035762786865234375000000000000E-0002
   9.75000038743019104003906250000000000E-0002
  0.105000004172325134277343750000000012      
  0.112500004470348358154296875000000012      
  0.120000004768371582031250000000000024      
  0.127500005066394805908203125000000024      
  0.135000005364418029785156250000000024      
  0.142500005662441253662109375000000048      
  0.150000005960464477539062500000000024      
  0.157500006258487701416015625000000024      
  0.165000006556510925292968750000000048      
  0.172500006854534149169921875000000048      
  0.180000007152557373046875000000000048      
  0.187500007450580596923828125000000048      
  0.195000007748603820800781250000000072      
  0.202500008046627044677734375000000072      
  0.210000008344650268554687500000000072      
  0.217500008642673492431640625000000072      
  0.225000008940696716308593750000000096      
  0.232500009238719940185546875000000096      
  0.240000009536743164062500000000000096      
  0.247500009834766387939453125000000096      
  0.255000010132789611816406250000000096      
  0.262500010430812835693359375000000096      
  0.270000010728836059570312500000000144      
  0.277500011026859283447265625000000144      
  0.285000011324882507324218750000000144      
  0.292500011622905731201171875000000144      
  0.300000011920928955078125000000000096      
